-122.52 41.06
-122.52 41.02
-122.52 40.98
-122.52 40.94
-122.52 40.85
-122.52 40.81
-122.52 40.73
-122.48 41.31
-122.48 41.27
-122.48 41.23
-122.48 41.19
-122.48 41.06
-122.48 41.02
-122.48 40.98
-122.48 40.94
-122.48 40.90
-122.48 40.85
-122.48 40.81
-122.48 40.77
-122.48 40.73
-122.44 41.31
-122.44 41.27
-122.44 41.23
-122.44 41.19
-122.44 41.15
-122.44 41.10
-122.44 41.06
-122.44 41.02
-122.44 40.98
-122.44 40.94
-122.44 40.90
-122.44 40.85
-122.44 40.81
-122.44 40.77
-122.40 41.35
-122.40 41.31
-122.40 41.27
-122.40 41.23
-122.40 41.19
-122.40 41.15
-122.40 41.10
-122.40 41.06
-122.40 41.02
-122.40 40.98
-122.40 40.94
-122.40 40.90
-122.40 40.85
-122.40 40.81
-122.40 40.77
-122.40 40.73
-122.36 41.35
-122.36 41.31
-122.36 41.27
-122.36 41.23
-122.36 41.19
-122.36 41.15
-122.36 41.10
-122.36 41.06
-122.36 41.02
-122.36 40.98
-122.36 40.94
-122.36 40.90
-122.36 40.85
-122.36 40.81
-122.36 40.77
-122.31 41.35
-122.31 41.31
-122.31 41.27
-122.31 41.23
-122.31 41.19
-122.31 41.15
-122.31 41.10
-122.31 41.06
-122.31 41.02
-122.31 40.98
-122.31 40.94
-122.31 40.90
-122.31 40.85
-122.31 40.81
-122.31 40.77
-122.27 41.35
-122.27 41.31
-122.27 41.27
-122.27 41.23
-122.27 41.19
-122.27 41.15
-122.27 41.10
-122.27 41.06
-122.27 41.02
-122.27 40.98
-122.27 40.94
-122.27 40.90
-122.27 40.85
-122.27 40.81
-122.27 40.77
-122.23 41.40
-122.23 41.35
-122.23 41.31
-122.23 41.27
-122.23 41.23
-122.23 41.19
-122.23 41.15
-122.23 41.10
-122.23 41.06
-122.23 41.02
-122.23 40.98
-122.23 40.94
-122.23 40.90
-122.23 40.85
-122.23 40.81
-122.23 40.77
-122.23 40.73
-122.23 40.69
-122.23 40.65
-122.19 41.40
-122.19 41.35
-122.19 41.31
-122.19 41.27
-122.19 41.23
-122.19 41.19
-122.19 41.15
-122.19 41.10
-122.19 41.06
-122.19 41.02
-122.19 40.98
-122.19 40.94
-122.19 40.90
-122.19 40.85
-122.19 40.81
-122.19 40.77
-122.19 40.73
-122.19 40.69
-122.19 40.65
-122.19 40.60
-122.19 40.56
-122.19 40.52
-122.19 40.48
-122.19 40.44
-122.19 40.40
-122.19 40.27
-122.15 41.48
-122.15 41.44
-122.15 41.40
-122.15 41.35
-122.15 41.31
-122.15 41.27
-122.15 41.23
-122.15 41.19
-122.15 41.15
-122.15 41.10
-122.15 41.06
-122.15 41.02
-122.15 40.98
-122.15 40.94
-122.15 40.90
-122.15 40.85
-122.15 40.81
-122.15 40.77
-122.15 40.73
-122.15 40.69
-122.15 40.65
-122.15 40.60
-122.15 40.56
-122.15 40.52
-122.15 40.48
-122.15 40.44
-122.15 40.40
-122.15 40.35
-122.15 40.31
-122.15 40.27
-122.15 40.23
-122.11 41.48
-122.11 41.44
-122.11 41.40
-122.11 41.35
-122.11 41.31
-122.11 41.27
-122.11 41.23
-122.11 41.19
-122.11 41.15
-122.11 41.10
-122.11 41.06
-122.11 41.02
-122.11 40.98
-122.11 40.94
-122.11 40.90
-122.11 40.85
-122.11 40.81
-122.11 40.77
-122.11 40.73
-122.11 40.69
-122.11 40.65
-122.11 40.60
-122.11 40.56
-122.11 40.52
-122.11 40.48
-122.11 40.44
-122.11 40.40
-122.11 40.35
-122.11 40.31
-122.11 40.27
-122.11 40.23
-122.11 40.19
-122.06 41.48
-122.06 41.44
-122.06 41.40
-122.06 41.35
-122.06 41.31
-122.06 41.27
-122.06 41.23
-122.06 41.19
-122.06 41.15
-122.06 41.10
-122.06 41.06
-122.06 41.02
-122.06 40.98
-122.06 40.94
-122.06 40.90
-122.06 40.85
-122.06 40.81
-122.06 40.77
-122.06 40.73
-122.06 40.69
-122.06 40.65
-122.06 40.60
-122.06 40.56
-122.06 40.52
-122.06 40.48
-122.06 40.44
-122.06 40.40
-122.06 40.35
-122.06 40.31
-122.06 40.27
-122.06 40.23
-122.06 40.19
-122.06 40.15
-122.02 41.44
-122.02 41.40
-122.02 41.35
-122.02 41.31
-122.02 41.27
-122.02 41.23
-122.02 41.19
-122.02 41.15
-122.02 41.10
-122.02 41.06
-122.02 41.02
-122.02 40.98
-122.02 40.94
-122.02 40.90
-122.02 40.85
-122.02 40.81
-122.02 40.77
-122.02 40.73
-122.02 40.69
-122.02 40.65
-122.02 40.60
-122.02 40.56
-122.02 40.52
-122.02 40.48
-122.02 40.44
-122.02 40.40
-122.02 40.35
-122.02 40.31
-122.02 40.27
-122.02 40.23
-122.02 40.19
-122.02 40.15
-122.02 40.10
-121.98 41.44
-121.98 41.40
-121.98 41.35
-121.98 41.31
-121.98 41.27
-121.98 41.23
-121.98 41.19
-121.98 41.15
-121.98 41.10
-121.98 41.06
-121.98 41.02
-121.98 40.98
-121.98 40.94
-121.98 40.90
-121.98 40.85
-121.98 40.81
-121.98 40.77
-121.98 40.73
-121.98 40.69
-121.98 40.65
-121.98 40.60
-121.98 40.56
-121.98 40.52
-121.98 40.48
-121.98 40.44
-121.98 40.40
-121.98 40.35
-121.98 40.31
-121.98 40.27
-121.98 40.23
-121.98 40.19
-121.98 40.15
-121.98 40.10
-121.98 40.06
-121.98 39.98
-121.94 41.44
-121.94 41.40
-121.94 41.35
-121.94 41.31
-121.94 41.27
-121.94 41.23
-121.94 41.19
-121.94 41.15
-121.94 41.10
-121.94 41.06
-121.94 41.02
-121.94 40.98
-121.94 40.94
-121.94 40.90
-121.94 40.85
-121.94 40.81
-121.94 40.77
-121.94 40.73
-121.94 40.69
-121.94 40.65
-121.94 40.60
-121.94 40.56
-121.94 40.52
-121.94 40.48
-121.94 40.44
-121.94 40.40
-121.94 40.35
-121.94 40.31
-121.94 40.27
-121.94 40.23
-121.94 40.19
-121.94 40.15
-121.94 40.10
-121.94 40.06
-121.94 40.02
-121.90 41.48
-121.90 41.44
-121.90 41.40
-121.90 41.35
-121.90 41.31
-121.90 41.27
-121.90 41.23
-121.90 41.19
-121.90 41.15
-121.90 41.10
-121.90 41.06
-121.90 41.02
-121.90 40.98
-121.90 40.94
-121.90 40.90
-121.90 40.85
-121.90 40.81
-121.90 40.77
-121.90 40.73
-121.90 40.69
-121.90 40.65
-121.90 40.60
-121.90 40.56
-121.90 40.52
-121.90 40.48
-121.90 40.44
-121.90 40.40
-121.90 40.35
-121.90 40.31
-121.90 40.27
-121.90 40.23
-121.90 40.19
-121.90 40.15
-121.90 40.10
-121.90 40.06
-121.90 40.02
-121.90 39.98
-121.90 39.94
-121.86 41.48
-121.86 41.44
-121.86 41.40
-121.86 41.35
-121.86 41.31
-121.86 41.27
-121.86 41.23
-121.86 41.19
-121.86 41.15
-121.86 41.10
-121.86 41.06
-121.86 41.02
-121.86 40.98
-121.86 40.94
-121.86 40.90
-121.86 40.85
-121.86 40.81
-121.86 40.77
-121.86 40.73
-121.86 40.69
-121.86 40.65
-121.86 40.60
-121.86 40.56
-121.86 40.52
-121.86 40.48
-121.86 40.44
-121.86 40.40
-121.86 40.35
-121.86 40.31
-121.86 40.27
-121.86 40.23
-121.86 40.19
-121.86 40.15
-121.86 40.10
-121.86 40.06
-121.86 40.02
-121.86 39.98
-121.86 39.94
-121.86 39.90
-121.86 39.85
-121.81 41.52
-121.81 41.48
-121.81 41.44
-121.81 41.40
-121.81 41.35
-121.81 41.31
-121.81 41.27
-121.81 41.23
-121.81 41.19
-121.81 41.15
-121.81 41.10
-121.81 41.06
-121.81 41.02
-121.81 40.98
-121.81 40.94
-121.81 40.90
-121.81 40.85
-121.81 40.81
-121.81 40.77
-121.81 40.73
-121.81 40.69
-121.81 40.65
-121.81 40.60
-121.81 40.56
-121.81 40.52
-121.81 40.48
-121.81 40.44
-121.81 40.40
-121.81 40.35
-121.81 40.31
-121.81 40.27
-121.81 40.23
-121.81 40.19
-121.81 40.15
-121.81 40.10
-121.81 40.06
-121.81 40.02
-121.81 39.98
-121.81 39.94
-121.81 39.90
-121.81 39.85
-121.81 39.81
-121.77 41.52
-121.77 41.48
-121.77 41.44
-121.77 41.40
-121.77 41.35
-121.77 41.31
-121.77 41.27
-121.77 41.23
-121.77 41.19
-121.77 41.15
-121.77 41.10
-121.77 41.06
-121.77 41.02
-121.77 40.98
-121.77 40.94
-121.77 40.90
-121.77 40.85
-121.77 40.81
-121.77 40.77
-121.77 40.73
-121.77 40.69
-121.77 40.65
-121.77 40.60
-121.77 40.56
-121.77 40.52
-121.77 40.48
-121.77 40.44
-121.77 40.40
-121.77 40.35
-121.77 40.31
-121.77 40.27
-121.77 40.23
-121.77 40.19
-121.77 40.15
-121.77 40.10
-121.77 40.06
-121.77 40.02
-121.77 39.98
-121.77 39.94
-121.77 39.90
-121.77 39.85
-121.77 39.81
-121.77 39.77
-121.77 39.73
-121.73 41.56
-121.73 41.52
-121.73 41.48
-121.73 41.44
-121.73 41.40
-121.73 41.35
-121.73 41.31
-121.73 41.27
-121.73 41.23
-121.73 41.19
-121.73 41.15
-121.73 41.10
-121.73 41.06
-121.73 41.02
-121.73 40.98
-121.73 40.94
-121.73 40.90
-121.73 40.85
-121.73 40.81
-121.73 40.77
-121.73 40.73
-121.73 40.69
-121.73 40.65
-121.73 40.60
-121.73 40.56
-121.73 40.52
-121.73 40.48
-121.73 40.44
-121.73 40.40
-121.73 40.35
-121.73 40.31
-121.73 40.27
-121.73 40.23
-121.73 40.19
-121.73 40.15
-121.73 40.10
-121.73 40.06
-121.73 40.02
-121.73 39.98
-121.73 39.94
-121.73 39.90
-121.73 39.85
-121.73 39.81
-121.73 39.77
-121.73 39.73
-121.69 41.56
-121.69 41.52
-121.69 41.48
-121.69 41.44
-121.69 41.40
-121.69 41.35
-121.69 41.31
-121.69 41.27
-121.69 41.23
-121.69 41.19
-121.69 41.15
-121.69 41.10
-121.69 41.06
-121.69 41.02
-121.69 40.98
-121.69 40.94
-121.69 40.90
-121.69 40.85
-121.69 40.81
-121.69 40.77
-121.69 40.73
-121.69 40.69
-121.69 40.65
-121.69 40.60
-121.69 40.56
-121.69 40.52
-121.69 40.48
-121.69 40.44
-121.69 40.40
-121.69 40.35
-121.69 40.31
-121.69 40.27
-121.69 40.23
-121.69 40.19
-121.69 40.15
-121.69 40.10
-121.69 40.06
-121.69 40.02
-121.69 39.98
-121.69 39.94
-121.69 39.90
-121.69 39.85
-121.69 39.81
-121.69 39.77
-121.69 39.73
-121.69 39.69
-121.65 41.56
-121.65 41.52
-121.65 41.48
-121.65 41.44
-121.65 41.40
-121.65 41.35
-121.65 41.31
-121.65 41.27
-121.65 41.23
-121.65 41.19
-121.65 41.15
-121.65 41.10
-121.65 41.06
-121.65 41.02
-121.65 40.98
-121.65 40.94
-121.65 40.90
-121.65 40.85
-121.65 40.81
-121.65 40.77
-121.65 40.73
-121.65 40.69
-121.65 40.65
-121.65 40.60
-121.65 40.56
-121.65 40.52
-121.65 40.48
-121.65 40.44
-121.65 40.40
-121.65 40.35
-121.65 40.31
-121.65 40.27
-121.65 40.23
-121.65 40.19
-121.65 40.15
-121.65 40.10
-121.65 40.06
-121.65 40.02
-121.65 39.98
-121.65 39.94
-121.65 39.90
-121.65 39.85
-121.65 39.81
-121.65 39.77
-121.65 39.73
-121.65 39.69
-121.61 41.60
-121.61 41.56
-121.61 41.52
-121.61 41.48
-121.61 41.44
-121.61 41.40
-121.61 41.35
-121.61 41.31
-121.61 41.27
-121.61 41.23
-121.61 41.19
-121.61 41.15
-121.61 41.10
-121.61 41.06
-121.61 41.02
-121.61 40.98
-121.61 40.94
-121.61 40.90
-121.61 40.85
-121.61 40.81
-121.61 40.77
-121.61 40.73
-121.61 40.69
-121.61 40.65
-121.61 40.60
-121.61 40.56
-121.61 40.52
-121.61 40.48
-121.61 40.44
-121.61 40.40
-121.61 40.35
-121.61 40.31
-121.61 40.27
-121.61 40.23
-121.61 40.19
-121.61 40.15
-121.61 40.10
-121.61 40.06
-121.61 40.02
-121.61 39.98
-121.61 39.94
-121.61 39.90
-121.61 39.85
-121.61 39.81
-121.61 39.77
-121.61 39.73
-121.61 39.69
-121.56 41.60
-121.56 41.56
-121.56 41.52
-121.56 41.48
-121.56 41.44
-121.56 41.40
-121.56 41.35
-121.56 41.31
-121.56 41.27
-121.56 41.23
-121.56 41.19
-121.56 41.15
-121.56 41.10
-121.56 41.06
-121.56 41.02
-121.56 40.98
-121.56 40.94
-121.56 40.90
-121.56 40.85
-121.56 40.81
-121.56 40.77
-121.56 40.73
-121.56 40.69
-121.56 40.65
-121.56 40.60
-121.56 40.56
-121.56 40.52
-121.56 40.48
-121.56 40.44
-121.56 40.40
-121.56 40.35
-121.56 40.31
-121.56 40.27
-121.56 40.23
-121.56 40.19
-121.56 40.15
-121.56 40.10
-121.56 40.06
-121.56 40.02
-121.56 39.98
-121.56 39.94
-121.56 39.90
-121.56 39.85
-121.56 39.81
-121.56 39.77
-121.56 39.73
-121.56 39.69
-121.56 39.65
-121.56 39.60
-121.56 39.56
-121.52 41.56
-121.52 41.52
-121.52 41.48
-121.52 41.44
-121.52 41.40
-121.52 41.35
-121.52 41.31
-121.52 41.27
-121.52 41.23
-121.52 41.19
-121.52 41.15
-121.52 41.10
-121.52 41.06
-121.52 41.02
-121.52 40.98
-121.52 40.94
-121.52 40.90
-121.52 40.85
-121.52 40.81
-121.52 40.77
-121.52 40.73
-121.52 40.69
-121.52 40.65
-121.52 40.60
-121.52 40.56
-121.52 40.52
-121.52 40.48
-121.52 40.44
-121.52 40.40
-121.52 40.35
-121.52 40.31
-121.52 40.27
-121.52 40.23
-121.52 40.19
-121.52 40.15
-121.52 40.10
-121.52 40.06
-121.52 40.02
-121.52 39.98
-121.52 39.94
-121.52 39.90
-121.52 39.85
-121.52 39.81
-121.52 39.77
-121.52 39.73
-121.52 39.69
-121.52 39.65
-121.52 39.60
-121.52 39.56
-121.52 39.52
-121.52 39.48
-121.52 39.44
-121.48 41.56
-121.48 41.52
-121.48 41.48
-121.48 41.44
-121.48 41.40
-121.48 41.35
-121.48 41.31
-121.48 41.27
-121.48 41.23
-121.48 41.19
-121.48 41.15
-121.48 41.10
-121.48 41.06
-121.48 41.02
-121.48 40.98
-121.48 40.94
-121.48 40.90
-121.48 40.85
-121.48 40.81
-121.48 40.77
-121.48 40.73
-121.48 40.69
-121.48 40.65
-121.48 40.60
-121.48 40.56
-121.48 40.52
-121.48 40.48
-121.48 40.44
-121.48 40.40
-121.48 40.35
-121.48 40.31
-121.48 40.27
-121.48 40.23
-121.48 40.19
-121.48 40.15
-121.48 40.10
-121.48 40.06
-121.48 40.02
-121.48 39.98
-121.48 39.94
-121.48 39.90
-121.48 39.85
-121.48 39.81
-121.48 39.77
-121.48 39.73
-121.48 39.69
-121.48 39.65
-121.48 39.60
-121.48 39.56
-121.48 39.52
-121.48 39.48
-121.48 39.44
-121.48 39.40
-121.48 39.35
-121.48 39.31
-121.44 41.56
-121.44 41.52
-121.44 41.48
-121.44 41.44
-121.44 41.40
-121.44 41.35
-121.44 41.31
-121.44 41.27
-121.44 41.23
-121.44 41.19
-121.44 41.15
-121.44 41.10
-121.44 41.06
-121.44 41.02
-121.44 40.98
-121.44 40.94
-121.44 40.90
-121.44 40.85
-121.44 40.81
-121.44 40.77
-121.44 40.73
-121.44 40.69
-121.44 40.65
-121.44 40.60
-121.44 40.56
-121.44 40.52
-121.44 40.48
-121.44 40.44
-121.44 40.40
-121.44 40.35
-121.44 40.31
-121.44 40.27
-121.44 40.23
-121.44 40.19
-121.44 40.15
-121.44 40.10
-121.44 40.06
-121.44 40.02
-121.44 39.98
-121.44 39.94
-121.44 39.90
-121.44 39.85
-121.44 39.81
-121.44 39.77
-121.44 39.73
-121.44 39.69
-121.44 39.65
-121.44 39.60
-121.44 39.56
-121.44 39.52
-121.44 39.48
-121.44 39.44
-121.44 39.40
-121.44 39.35
-121.44 39.31
-121.44 39.27
-121.44 39.23
-121.40 41.56
-121.40 41.52
-121.40 41.48
-121.40 41.44
-121.40 41.40
-121.40 41.35
-121.40 41.31
-121.40 41.27
-121.40 41.23
-121.40 41.19
-121.40 41.15
-121.40 41.10
-121.40 41.06
-121.40 41.02
-121.40 40.98
-121.40 40.94
-121.40 40.90
-121.40 40.85
-121.40 40.81
-121.40 40.77
-121.40 40.73
-121.40 40.69
-121.40 40.65
-121.40 40.60
-121.40 40.56
-121.40 40.52
-121.40 40.48
-121.40 40.44
-121.40 40.40
-121.40 40.35
-121.40 40.31
-121.40 40.27
-121.40 40.23
-121.40 40.19
-121.40 40.15
-121.40 40.10
-121.40 40.06
-121.40 40.02
-121.40 39.98
-121.40 39.94
-121.40 39.90
-121.40 39.85
-121.40 39.81
-121.40 39.77
-121.40 39.73
-121.40 39.69
-121.40 39.65
-121.40 39.60
-121.40 39.56
-121.40 39.52
-121.40 39.48
-121.40 39.44
-121.40 39.40
-121.40 39.35
-121.40 39.31
-121.40 39.27
-121.40 39.23
-121.40 39.19
-121.36 41.56
-121.36 41.52
-121.36 41.48
-121.36 41.44
-121.36 41.40
-121.36 41.35
-121.36 41.31
-121.36 41.27
-121.36 41.23
-121.36 41.19
-121.36 41.15
-121.36 41.10
-121.36 41.06
-121.36 41.02
-121.36 40.98
-121.36 40.94
-121.36 40.90
-121.36 40.85
-121.36 40.81
-121.36 40.77
-121.36 40.73
-121.36 40.69
-121.36 40.65
-121.36 40.60
-121.36 40.56
-121.36 40.52
-121.36 40.48
-121.36 40.44
-121.36 40.40
-121.36 40.35
-121.36 40.31
-121.36 40.27
-121.36 40.23
-121.36 40.19
-121.36 40.15
-121.36 40.10
-121.36 40.06
-121.36 40.02
-121.36 39.98
-121.36 39.94
-121.36 39.90
-121.36 39.85
-121.36 39.81
-121.36 39.77
-121.36 39.73
-121.36 39.69
-121.36 39.65
-121.36 39.60
-121.36 39.56
-121.36 39.52
-121.36 39.48
-121.36 39.44
-121.36 39.40
-121.36 39.35
-121.36 39.31
-121.36 39.27
-121.36 39.23
-121.36 39.19
-121.31 41.56
-121.31 41.52
-121.31 41.48
-121.31 41.44
-121.31 41.40
-121.31 41.35
-121.31 41.31
-121.31 41.27
-121.31 41.23
-121.31 41.19
-121.31 41.15
-121.31 41.10
-121.31 41.06
-121.31 41.02
-121.31 40.98
-121.31 40.94
-121.31 40.90
-121.31 40.85
-121.31 40.81
-121.31 40.77
-121.31 40.73
-121.31 40.69
-121.31 40.65
-121.31 40.60
-121.31 40.56
-121.31 40.52
-121.31 40.48
-121.31 40.44
-121.31 40.40
-121.31 40.35
-121.31 40.31
-121.31 40.27
-121.31 40.23
-121.31 40.19
-121.31 40.15
-121.31 40.10
-121.31 40.06
-121.31 40.02
-121.31 39.98
-121.31 39.94
-121.31 39.90
-121.31 39.85
-121.31 39.81
-121.31 39.77
-121.31 39.73
-121.31 39.69
-121.31 39.65
-121.31 39.60
-121.31 39.56
-121.31 39.52
-121.31 39.48
-121.31 39.44
-121.31 39.40
-121.31 39.35
-121.31 39.31
-121.31 39.27
-121.31 39.23
-121.31 39.19
-121.31 39.15
-121.31 39.10
-121.31 39.02
-121.27 41.56
-121.27 41.52
-121.27 41.48
-121.27 41.44
-121.27 41.40
-121.27 41.35
-121.27 41.31
-121.27 41.27
-121.27 41.23
-121.27 41.19
-121.27 41.15
-121.27 41.10
-121.27 41.06
-121.27 41.02
-121.27 40.98
-121.27 40.94
-121.27 40.90
-121.27 40.85
-121.27 40.81
-121.27 40.77
-121.27 40.73
-121.27 40.69
-121.27 40.65
-121.27 40.60
-121.27 40.56
-121.27 40.52
-121.27 40.48
-121.27 40.44
-121.27 40.40
-121.27 40.35
-121.27 40.31
-121.27 40.27
-121.27 40.23
-121.27 40.19
-121.27 40.15
-121.27 40.10
-121.27 40.06
-121.27 40.02
-121.27 39.98
-121.27 39.94
-121.27 39.90
-121.27 39.85
-121.27 39.81
-121.27 39.77
-121.27 39.73
-121.27 39.69
-121.27 39.65
-121.27 39.60
-121.27 39.56
-121.27 39.52
-121.27 39.48
-121.27 39.44
-121.27 39.40
-121.27 39.35
-121.27 39.31
-121.27 39.27
-121.27 39.23
-121.27 39.19
-121.27 39.15
-121.27 39.10
-121.27 39.06
-121.27 39.02
-121.27 38.98
-121.27 38.94
-121.23 41.52
-121.23 41.48
-121.23 41.44
-121.23 41.40
-121.23 41.35
-121.23 41.31
-121.23 41.27
-121.23 41.23
-121.23 41.19
-121.23 41.15
-121.23 41.10
-121.23 41.06
-121.23 41.02
-121.23 40.98
-121.23 40.94
-121.23 40.90
-121.23 40.85
-121.23 40.81
-121.23 40.77
-121.23 40.73
-121.23 40.69
-121.23 40.65
-121.23 40.60
-121.23 40.56
-121.23 40.52
-121.23 40.48
-121.23 40.44
-121.23 40.40
-121.23 40.35
-121.23 40.31
-121.23 40.27
-121.23 40.23
-121.23 40.19
-121.23 40.15
-121.23 40.10
-121.23 40.06
-121.23 40.02
-121.23 39.98
-121.23 39.94
-121.23 39.90
-121.23 39.85
-121.23 39.81
-121.23 39.77
-121.23 39.73
-121.23 39.69
-121.23 39.65
-121.23 39.60
-121.23 39.56
-121.23 39.52
-121.23 39.48
-121.23 39.44
-121.23 39.40
-121.23 39.35
-121.23 39.31
-121.23 39.27
-121.23 39.23
-121.23 39.19
-121.23 39.15
-121.23 39.10
-121.23 39.06
-121.23 39.02
-121.23 38.98
-121.23 38.94
-121.23 38.90
-121.23 38.85
-121.23 38.81
-121.23 38.77
-121.19 41.48
-121.19 41.44
-121.19 41.40
-121.19 41.35
-121.19 41.31
-121.19 41.27
-121.19 41.23
-121.19 41.19
-121.19 41.15
-121.19 41.10
-121.19 41.06
-121.19 41.02
-121.19 40.98
-121.19 40.94
-121.19 40.90
-121.19 40.85
-121.19 40.81
-121.19 40.77
-121.19 40.73
-121.19 40.69
-121.19 40.65
-121.19 40.60
-121.19 40.56
-121.19 40.52
-121.19 40.48
-121.19 40.44
-121.19 40.40
-121.19 40.35
-121.19 40.31
-121.19 40.27
-121.19 40.23
-121.19 40.19
-121.19 40.15
-121.19 40.10
-121.19 40.06
-121.19 40.02
-121.19 39.98
-121.19 39.94
-121.19 39.90
-121.19 39.85
-121.19 39.81
-121.19 39.77
-121.19 39.73
-121.19 39.69
-121.19 39.65
-121.19 39.60
-121.19 39.56
-121.19 39.52
-121.19 39.48
-121.19 39.44
-121.19 39.40
-121.19 39.35
-121.19 39.31
-121.19 39.27
-121.19 39.23
-121.19 39.19
-121.19 39.15
-121.19 39.10
-121.19 39.06
-121.19 39.02
-121.19 38.98
-121.19 38.94
-121.19 38.90
-121.19 38.85
-121.19 38.81
-121.19 38.77
-121.19 38.73
-121.15 41.48
-121.15 41.44
-121.15 41.40
-121.15 41.35
-121.15 41.31
-121.15 41.27
-121.15 41.23
-121.15 41.19
-121.15 41.15
-121.15 41.10
-121.15 41.06
-121.15 41.02
-121.15 40.98
-121.15 40.94
-121.15 40.90
-121.15 40.85
-121.15 40.81
-121.15 40.77
-121.15 40.73
-121.15 40.69
-121.15 40.65
-121.15 40.60
-121.15 40.56
-121.15 40.52
-121.15 40.48
-121.15 40.44
-121.15 40.40
-121.15 40.35
-121.15 40.31
-121.15 40.27
-121.15 40.23
-121.15 40.19
-121.15 40.15
-121.15 40.10
-121.15 40.06
-121.15 40.02
-121.15 39.98
-121.15 39.94
-121.15 39.90
-121.15 39.85
-121.15 39.81
-121.15 39.77
-121.15 39.73
-121.15 39.69
-121.15 39.65
-121.15 39.60
-121.15 39.56
-121.15 39.52
-121.15 39.48
-121.15 39.44
-121.15 39.40
-121.15 39.35
-121.15 39.31
-121.15 39.27
-121.15 39.23
-121.15 39.19
-121.15 39.15
-121.15 39.10
-121.15 39.06
-121.15 39.02
-121.15 38.98
-121.15 38.94
-121.15 38.90
-121.15 38.85
-121.15 38.81
-121.15 38.77
-121.15 38.73
-121.15 38.69
-121.11 41.52
-121.11 41.48
-121.11 41.44
-121.11 41.40
-121.11 41.35
-121.11 41.31
-121.11 41.27
-121.11 41.23
-121.11 41.19
-121.11 41.15
-121.11 41.10
-121.11 41.06
-121.11 41.02
-121.11 40.98
-121.11 40.94
-121.11 40.90
-121.11 40.85
-121.11 40.81
-121.11 40.77
-121.11 40.73
-121.11 40.69
-121.11 40.65
-121.11 40.60
-121.11 40.56
-121.11 40.52
-121.11 40.48
-121.11 40.44
-121.11 40.40
-121.11 40.35
-121.11 40.31
-121.11 40.27
-121.11 40.23
-121.11 40.19
-121.11 40.15
-121.11 40.10
-121.11 40.06
-121.11 40.02
-121.11 39.98
-121.11 39.94
-121.11 39.90
-121.11 39.85
-121.11 39.81
-121.11 39.77
-121.11 39.73
-121.11 39.69
-121.11 39.65
-121.11 39.60
-121.11 39.56
-121.11 39.52
-121.11 39.48
-121.11 39.44
-121.11 39.40
-121.11 39.35
-121.11 39.31
-121.11 39.27
-121.11 39.23
-121.11 39.19
-121.11 39.15
-121.11 39.10
-121.11 39.06
-121.11 39.02
-121.11 38.98
-121.11 38.94
-121.11 38.90
-121.11 38.85
-121.11 38.81
-121.11 38.77
-121.11 38.73
-121.11 38.69
-121.11 38.65
-121.11 38.60
-121.11 38.56
-121.06 41.52
-121.06 41.48
-121.06 41.44
-121.06 41.40
-121.06 41.35
-121.06 41.31
-121.06 41.27
-121.06 41.23
-121.06 41.19
-121.06 41.15
-121.06 41.10
-121.06 41.06
-121.06 41.02
-121.06 40.98
-121.06 40.94
-121.06 40.90
-121.06 40.85
-121.06 40.81
-121.06 40.77
-121.06 40.73
-121.06 40.69
-121.06 40.65
-121.06 40.60
-121.06 40.56
-121.06 40.52
-121.06 40.48
-121.06 40.44
-121.06 40.40
-121.06 40.35
-121.06 40.31
-121.06 40.27
-121.06 40.23
-121.06 40.19
-121.06 40.15
-121.06 40.10
-121.06 40.06
-121.06 40.02
-121.06 39.98
-121.06 39.94
-121.06 39.90
-121.06 39.85
-121.06 39.81
-121.06 39.77
-121.06 39.73
-121.06 39.69
-121.06 39.65
-121.06 39.60
-121.06 39.56
-121.06 39.52
-121.06 39.48
-121.06 39.44
-121.06 39.40
-121.06 39.35
-121.06 39.31
-121.06 39.27
-121.06 39.23
-121.06 39.19
-121.06 39.15
-121.06 39.10
-121.06 39.06
-121.06 39.02
-121.06 38.98
-121.06 38.94
-121.06 38.90
-121.06 38.85
-121.06 38.81
-121.06 38.77
-121.06 38.73
-121.06 38.69
-121.06 38.65
-121.06 38.60
-121.06 38.56
-121.06 38.52
-121.02 41.56
-121.02 41.52
-121.02 41.48
-121.02 41.44
-121.02 41.40
-121.02 41.35
-121.02 41.31
-121.02 41.27
-121.02 41.23
-121.02 41.19
-121.02 41.15
-121.02 41.10
-121.02 41.06
-121.02 41.02
-121.02 40.98
-121.02 40.94
-121.02 40.90
-121.02 40.85
-121.02 40.81
-121.02 40.77
-121.02 40.73
-121.02 40.69
-121.02 40.65
-121.02 40.60
-121.02 40.56
-121.02 40.52
-121.02 40.48
-121.02 40.44
-121.02 40.40
-121.02 40.35
-121.02 40.31
-121.02 40.27
-121.02 40.23
-121.02 40.19
-121.02 40.15
-121.02 40.10
-121.02 40.06
-121.02 40.02
-121.02 39.98
-121.02 39.94
-121.02 39.90
-121.02 39.85
-121.02 39.81
-121.02 39.77
-121.02 39.73
-121.02 39.69
-121.02 39.65
-121.02 39.60
-121.02 39.56
-121.02 39.52
-121.02 39.48
-121.02 39.44
-121.02 39.40
-121.02 39.35
-121.02 39.31
-121.02 39.27
-121.02 39.23
-121.02 39.19
-121.02 39.15
-121.02 39.10
-121.02 39.06
-121.02 39.02
-121.02 38.98
-121.02 38.94
-121.02 38.90
-121.02 38.85
-121.02 38.81
-121.02 38.77
-121.02 38.73
-121.02 38.69
-121.02 38.65
-121.02 38.60
-121.02 38.56
-121.02 38.52
-121.02 38.48
-121.02 38.35
-121.02 38.31
-120.98 41.56
-120.98 41.52
-120.98 41.48
-120.98 41.44
-120.98 41.40
-120.98 41.35
-120.98 41.31
-120.98 41.27
-120.98 41.23
-120.98 41.19
-120.98 41.15
-120.98 41.10
-120.98 41.06
-120.98 41.02
-120.98 40.98
-120.98 40.94
-120.98 40.90
-120.98 40.85
-120.98 40.81
-120.98 40.77
-120.98 40.73
-120.98 40.69
-120.98 40.65
-120.98 40.60
-120.98 40.56
-120.98 40.52
-120.98 40.48
-120.98 40.44
-120.98 40.40
-120.98 40.35
-120.98 40.31
-120.98 40.27
-120.98 40.23
-120.98 40.19
-120.98 40.15
-120.98 40.10
-120.98 40.06
-120.98 40.02
-120.98 39.98
-120.98 39.94
-120.98 39.90
-120.98 39.85
-120.98 39.81
-120.98 39.77
-120.98 39.73
-120.98 39.69
-120.98 39.65
-120.98 39.60
-120.98 39.56
-120.98 39.52
-120.98 39.48
-120.98 39.44
-120.98 39.40
-120.98 39.35
-120.98 39.31
-120.98 39.27
-120.98 39.23
-120.98 39.19
-120.98 39.15
-120.98 39.10
-120.98 39.06
-120.98 39.02
-120.98 38.98
-120.98 38.94
-120.98 38.90
-120.98 38.85
-120.98 38.81
-120.98 38.77
-120.98 38.73
-120.98 38.69
-120.98 38.65
-120.98 38.60
-120.98 38.56
-120.98 38.52
-120.98 38.48
-120.98 38.44
-120.98 38.40
-120.98 38.35
-120.98 38.31
-120.94 41.56
-120.94 41.52
-120.94 41.48
-120.94 41.44
-120.94 41.40
-120.94 41.35
-120.94 41.31
-120.94 41.27
-120.94 41.23
-120.94 41.19
-120.94 41.15
-120.94 41.10
-120.94 41.06
-120.94 41.02
-120.94 40.98
-120.94 40.94
-120.94 40.90
-120.94 40.85
-120.94 40.81
-120.94 40.77
-120.94 40.73
-120.94 40.69
-120.94 40.65
-120.94 40.60
-120.94 40.56
-120.94 40.52
-120.94 40.48
-120.94 40.44
-120.94 40.40
-120.94 40.35
-120.94 40.31
-120.94 40.27
-120.94 40.23
-120.94 40.19
-120.94 40.15
-120.94 40.10
-120.94 40.06
-120.94 40.02
-120.94 39.98
-120.94 39.94
-120.94 39.90
-120.94 39.85
-120.94 39.81
-120.94 39.77
-120.94 39.73
-120.94 39.69
-120.94 39.65
-120.94 39.60
-120.94 39.56
-120.94 39.52
-120.94 39.48
-120.94 39.44
-120.94 39.40
-120.94 39.35
-120.94 39.31
-120.94 39.27
-120.94 39.23
-120.94 39.19
-120.94 39.15
-120.94 39.10
-120.94 39.06
-120.94 39.02
-120.94 38.98
-120.94 38.94
-120.94 38.90
-120.94 38.85
-120.94 38.81
-120.94 38.77
-120.94 38.73
-120.94 38.69
-120.94 38.65
-120.94 38.60
-120.94 38.56
-120.94 38.52
-120.94 38.48
-120.94 38.44
-120.94 38.40
-120.94 38.35
-120.94 38.31
-120.94 38.27
-120.94 38.23
-120.94 38.19
-120.94 38.15
-120.94 38.10
-120.90 41.52
-120.90 41.48
-120.90 41.44
-120.90 41.40
-120.90 41.35
-120.90 41.31
-120.90 41.27
-120.90 41.23
-120.90 41.19
-120.90 41.15
-120.90 41.10
-120.90 41.06
-120.90 41.02
-120.90 40.98
-120.90 40.94
-120.90 40.90
-120.90 40.85
-120.90 40.81
-120.90 40.77
-120.90 40.73
-120.90 40.69
-120.90 40.65
-120.90 40.60
-120.90 40.56
-120.90 40.52
-120.90 40.48
-120.90 40.44
-120.90 40.40
-120.90 40.35
-120.90 40.31
-120.90 40.27
-120.90 40.23
-120.90 40.19
-120.90 40.15
-120.90 40.10
-120.90 40.06
-120.90 40.02
-120.90 39.98
-120.90 39.94
-120.90 39.90
-120.90 39.85
-120.90 39.81
-120.90 39.77
-120.90 39.73
-120.90 39.69
-120.90 39.65
-120.90 39.60
-120.90 39.56
-120.90 39.52
-120.90 39.48
-120.90 39.44
-120.90 39.40
-120.90 39.35
-120.90 39.31
-120.90 39.27
-120.90 39.23
-120.90 39.19
-120.90 39.15
-120.90 39.10
-120.90 39.06
-120.90 39.02
-120.90 38.98
-120.90 38.94
-120.90 38.90
-120.90 38.85
-120.90 38.81
-120.90 38.77
-120.90 38.73
-120.90 38.69
-120.90 38.65
-120.90 38.60
-120.90 38.56
-120.90 38.52
-120.90 38.48
-120.90 38.44
-120.90 38.40
-120.90 38.35
-120.90 38.31
-120.90 38.27
-120.90 38.23
-120.90 38.19
-120.90 38.15
-120.90 38.10
-120.86 41.56
-120.86 41.52
-120.86 41.48
-120.86 41.44
-120.86 41.40
-120.86 41.35
-120.86 41.31
-120.86 41.27
-120.86 41.23
-120.86 41.19
-120.86 41.15
-120.86 41.10
-120.86 41.06
-120.86 41.02
-120.86 40.98
-120.86 40.94
-120.86 40.90
-120.86 40.85
-120.86 40.81
-120.86 40.77
-120.86 40.73
-120.86 40.69
-120.86 40.65
-120.86 40.60
-120.86 40.56
-120.86 40.52
-120.86 40.48
-120.86 40.44
-120.86 40.40
-120.86 40.35
-120.86 40.31
-120.86 40.27
-120.86 40.23
-120.86 40.19
-120.86 40.15
-120.86 40.10
-120.86 40.06
-120.86 40.02
-120.86 39.98
-120.86 39.94
-120.86 39.90
-120.86 39.85
-120.86 39.81
-120.86 39.77
-120.86 39.73
-120.86 39.69
-120.86 39.65
-120.86 39.60
-120.86 39.56
-120.86 39.52
-120.86 39.48
-120.86 39.44
-120.86 39.40
-120.86 39.35
-120.86 39.31
-120.86 39.27
-120.86 39.23
-120.86 39.19
-120.86 39.15
-120.86 39.10
-120.86 39.06
-120.86 39.02
-120.86 38.98
-120.86 38.94
-120.86 38.90
-120.86 38.85
-120.86 38.81
-120.86 38.77
-120.86 38.73
-120.86 38.69
-120.86 38.65
-120.86 38.60
-120.86 38.56
-120.86 38.52
-120.86 38.48
-120.86 38.44
-120.86 38.40
-120.86 38.35
-120.86 38.31
-120.86 38.27
-120.86 38.23
-120.86 38.19
-120.86 38.15
-120.86 38.10
-120.81 41.65
-120.81 41.60
-120.81 41.56
-120.81 41.52
-120.81 41.48
-120.81 41.44
-120.81 41.40
-120.81 41.35
-120.81 41.31
-120.81 41.27
-120.81 41.23
-120.81 41.19
-120.81 41.15
-120.81 41.10
-120.81 41.06
-120.81 41.02
-120.81 40.98
-120.81 40.94
-120.81 40.90
-120.81 40.85
-120.81 40.81
-120.81 40.77
-120.81 40.73
-120.81 40.69
-120.81 40.65
-120.81 40.60
-120.81 40.56
-120.81 40.52
-120.81 40.48
-120.81 40.44
-120.81 40.40
-120.81 40.35
-120.81 40.31
-120.81 40.27
-120.81 40.23
-120.81 40.19
-120.81 40.15
-120.81 40.10
-120.81 40.06
-120.81 40.02
-120.81 39.98
-120.81 39.94
-120.81 39.90
-120.81 39.85
-120.81 39.81
-120.81 39.77
-120.81 39.73
-120.81 39.69
-120.81 39.65
-120.81 39.60
-120.81 39.56
-120.81 39.52
-120.81 39.48
-120.81 39.44
-120.81 39.40
-120.81 39.35
-120.81 39.31
-120.81 39.27
-120.81 39.23
-120.81 39.19
-120.81 39.15
-120.81 39.10
-120.81 39.06
-120.81 39.02
-120.81 38.98
-120.81 38.94
-120.81 38.90
-120.81 38.85
-120.81 38.81
-120.81 38.77
-120.81 38.73
-120.81 38.69
-120.81 38.65
-120.81 38.60
-120.81 38.56
-120.81 38.52
-120.81 38.48
-120.81 38.44
-120.81 38.40
-120.81 38.35
-120.81 38.31
-120.81 38.27
-120.81 38.23
-120.81 38.19
-120.81 38.15
-120.81 38.10
-120.81 38.06
-120.81 38.02
-120.77 41.69
-120.77 41.65
-120.77 41.60
-120.77 41.56
-120.77 41.52
-120.77 41.48
-120.77 41.44
-120.77 41.40
-120.77 41.35
-120.77 41.31
-120.77 41.27
-120.77 41.23
-120.77 41.19
-120.77 41.15
-120.77 41.10
-120.77 41.06
-120.77 41.02
-120.77 40.98
-120.77 40.94
-120.77 40.90
-120.77 40.85
-120.77 40.81
-120.77 40.77
-120.77 40.73
-120.77 40.69
-120.77 40.65
-120.77 40.60
-120.77 40.56
-120.77 40.52
-120.77 40.48
-120.77 40.44
-120.77 40.40
-120.77 40.35
-120.77 40.31
-120.77 40.27
-120.77 40.23
-120.77 40.19
-120.77 40.15
-120.77 40.10
-120.77 40.06
-120.77 40.02
-120.77 39.98
-120.77 39.94
-120.77 39.90
-120.77 39.85
-120.77 39.81
-120.77 39.77
-120.77 39.73
-120.77 39.69
-120.77 39.65
-120.77 39.60
-120.77 39.56
-120.77 39.52
-120.77 39.48
-120.77 39.44
-120.77 39.40
-120.77 39.35
-120.77 39.31
-120.77 39.27
-120.77 39.23
-120.77 39.19
-120.77 39.15
-120.77 39.10
-120.77 39.06
-120.77 39.02
-120.77 38.98
-120.77 38.94
-120.77 38.90
-120.77 38.85
-120.77 38.81
-120.77 38.77
-120.77 38.73
-120.77 38.69
-120.77 38.65
-120.77 38.60
-120.77 38.56
-120.77 38.52
-120.77 38.48
-120.77 38.44
-120.77 38.40
-120.77 38.35
-120.77 38.31
-120.77 38.27
-120.77 38.23
-120.77 38.19
-120.77 38.15
-120.77 38.10
-120.77 38.06
-120.77 38.02
-120.77 37.98
-120.73 41.73
-120.73 41.69
-120.73 41.65
-120.73 41.60
-120.73 41.56
-120.73 41.52
-120.73 41.48
-120.73 41.44
-120.73 41.40
-120.73 41.35
-120.73 41.31
-120.73 41.27
-120.73 41.23
-120.73 41.19
-120.73 41.15
-120.73 41.10
-120.73 41.06
-120.73 41.02
-120.73 40.98
-120.73 40.94
-120.73 40.90
-120.73 40.85
-120.73 40.81
-120.73 40.77
-120.73 40.73
-120.73 40.69
-120.73 40.65
-120.73 40.60
-120.73 40.56
-120.73 40.52
-120.73 40.48
-120.73 40.44
-120.73 40.40
-120.73 40.35
-120.73 40.31
-120.73 40.27
-120.73 40.23
-120.73 40.19
-120.73 40.15
-120.73 40.10
-120.73 40.06
-120.73 40.02
-120.73 39.98
-120.73 39.94
-120.73 39.90
-120.73 39.85
-120.73 39.81
-120.73 39.77
-120.73 39.73
-120.73 39.69
-120.73 39.65
-120.73 39.60
-120.73 39.56
-120.73 39.52
-120.73 39.48
-120.73 39.44
-120.73 39.40
-120.73 39.35
-120.73 39.31
-120.73 39.27
-120.73 39.23
-120.73 39.19
-120.73 39.15
-120.73 39.10
-120.73 39.06
-120.73 39.02
-120.73 38.98
-120.73 38.94
-120.73 38.90
-120.73 38.85
-120.73 38.81
-120.73 38.77
-120.73 38.73
-120.73 38.69
-120.73 38.65
-120.73 38.60
-120.73 38.56
-120.73 38.52
-120.73 38.48
-120.73 38.44
-120.73 38.40
-120.73 38.35
-120.73 38.31
-120.73 38.27
-120.73 38.23
-120.73 38.19
-120.73 38.15
-120.73 38.10
-120.73 38.06
-120.73 38.02
-120.73 37.98
-120.73 37.94
-120.69 41.73
-120.69 41.69
-120.69 41.65
-120.69 41.60
-120.69 41.56
-120.69 41.52
-120.69 41.48
-120.69 41.44
-120.69 41.40
-120.69 41.35
-120.69 41.31
-120.69 41.27
-120.69 41.23
-120.69 41.19
-120.69 41.15
-120.69 41.10
-120.69 41.06
-120.69 41.02
-120.69 40.98
-120.69 40.94
-120.69 40.90
-120.69 40.85
-120.69 40.81
-120.69 40.77
-120.69 40.73
-120.69 40.69
-120.69 40.65
-120.69 40.60
-120.69 40.56
-120.69 40.52
-120.69 40.48
-120.69 40.44
-120.69 40.40
-120.69 40.35
-120.69 40.31
-120.69 40.27
-120.69 40.23
-120.69 40.19
-120.69 40.15
-120.69 40.10
-120.69 40.06
-120.69 40.02
-120.69 39.98
-120.69 39.94
-120.69 39.90
-120.69 39.85
-120.69 39.81
-120.69 39.77
-120.69 39.73
-120.69 39.69
-120.69 39.65
-120.69 39.60
-120.69 39.56
-120.69 39.52
-120.69 39.48
-120.69 39.44
-120.69 39.40
-120.69 39.35
-120.69 39.31
-120.69 39.27
-120.69 39.23
-120.69 39.19
-120.69 39.15
-120.69 39.10
-120.69 39.06
-120.69 39.02
-120.69 38.98
-120.69 38.94
-120.69 38.90
-120.69 38.85
-120.69 38.81
-120.69 38.77
-120.69 38.73
-120.69 38.69
-120.69 38.65
-120.69 38.60
-120.69 38.56
-120.69 38.52
-120.69 38.48
-120.69 38.44
-120.69 38.40
-120.69 38.35
-120.69 38.31
-120.69 38.27
-120.69 38.23
-120.69 38.19
-120.69 38.15
-120.69 38.10
-120.69 38.06
-120.69 38.02
-120.69 37.98
-120.69 37.94
-120.69 37.90
-120.65 41.98
-120.65 41.73
-120.65 41.69
-120.65 41.65
-120.65 41.60
-120.65 41.56
-120.65 41.52
-120.65 41.48
-120.65 41.44
-120.65 41.40
-120.65 41.35
-120.65 41.31
-120.65 41.27
-120.65 41.23
-120.65 41.19
-120.65 41.15
-120.65 41.10
-120.65 41.06
-120.65 41.02
-120.65 40.98
-120.65 40.94
-120.65 40.90
-120.65 40.85
-120.65 40.81
-120.65 40.77
-120.65 40.73
-120.65 40.69
-120.65 40.65
-120.65 40.60
-120.65 40.56
-120.65 40.52
-120.65 40.48
-120.65 40.44
-120.65 40.40
-120.65 40.35
-120.65 40.31
-120.65 40.27
-120.65 40.23
-120.65 40.19
-120.65 40.15
-120.65 40.10
-120.65 40.06
-120.65 40.02
-120.65 39.98
-120.65 39.94
-120.65 39.90
-120.65 39.85
-120.65 39.81
-120.65 39.77
-120.65 39.73
-120.65 39.69
-120.65 39.65
-120.65 39.60
-120.65 39.56
-120.65 39.52
-120.65 39.48
-120.65 39.44
-120.65 39.40
-120.65 39.35
-120.65 39.31
-120.65 39.27
-120.65 39.23
-120.65 39.19
-120.65 39.15
-120.65 39.10
-120.65 39.06
-120.65 39.02
-120.65 38.98
-120.65 38.94
-120.65 38.90
-120.65 38.85
-120.65 38.81
-120.65 38.77
-120.65 38.73
-120.65 38.69
-120.65 38.65
-120.65 38.60
-120.65 38.56
-120.65 38.52
-120.65 38.48
-120.65 38.44
-120.65 38.40
-120.65 38.35
-120.65 38.31
-120.65 38.27
-120.65 38.23
-120.65 38.19
-120.65 38.15
-120.65 38.10
-120.65 38.06
-120.65 38.02
-120.65 37.98
-120.65 37.94
-120.65 37.90
-120.65 37.85
-120.61 41.98
-120.61 41.77
-120.61 41.73
-120.61 41.69
-120.61 41.65
-120.61 41.60
-120.61 41.56
-120.61 41.52
-120.61 41.48
-120.61 41.44
-120.61 41.40
-120.61 41.35
-120.61 41.31
-120.61 41.27
-120.61 41.23
-120.61 41.19
-120.61 41.15
-120.61 41.10
-120.61 41.06
-120.61 41.02
-120.61 40.98
-120.61 40.94
-120.61 40.90
-120.61 40.85
-120.61 40.81
-120.61 40.77
-120.61 40.73
-120.61 40.69
-120.61 40.65
-120.61 40.60
-120.61 40.56
-120.61 40.52
-120.61 40.48
-120.61 40.44
-120.61 40.40
-120.61 40.35
-120.61 40.31
-120.61 40.27
-120.61 40.23
-120.61 40.19
-120.61 40.15
-120.61 40.10
-120.61 40.06
-120.61 40.02
-120.61 39.98
-120.61 39.94
-120.61 39.90
-120.61 39.85
-120.61 39.81
-120.61 39.77
-120.61 39.73
-120.61 39.69
-120.61 39.65
-120.61 39.60
-120.61 39.56
-120.61 39.52
-120.61 39.48
-120.61 39.44
-120.61 39.40
-120.61 39.35
-120.61 39.31
-120.61 39.27
-120.61 39.23
-120.61 39.19
-120.61 39.15
-120.61 39.10
-120.61 39.06
-120.61 39.02
-120.61 38.98
-120.61 38.94
-120.61 38.90
-120.61 38.85
-120.61 38.81
-120.61 38.77
-120.61 38.73
-120.61 38.69
-120.61 38.65
-120.61 38.60
-120.61 38.56
-120.61 38.52
-120.61 38.48
-120.61 38.44
-120.61 38.40
-120.61 38.35
-120.61 38.31
-120.61 38.27
-120.61 38.23
-120.61 38.19
-120.61 38.15
-120.61 38.10
-120.61 38.06
-120.61 38.02
-120.61 37.98
-120.61 37.94
-120.61 37.90
-120.61 37.85
-120.61 37.81
-120.61 37.77
-120.56 41.98
-120.56 41.94
-120.56 41.90
-120.56 41.85
-120.56 41.81
-120.56 41.77
-120.56 41.73
-120.56 41.69
-120.56 41.65
-120.56 41.60
-120.56 41.56
-120.56 41.52
-120.56 41.48
-120.56 41.44
-120.56 41.40
-120.56 41.35
-120.56 41.31
-120.56 41.27
-120.56 41.23
-120.56 41.19
-120.56 41.15
-120.56 41.10
-120.56 41.06
-120.56 41.02
-120.56 40.98
-120.56 40.94
-120.56 40.90
-120.56 40.85
-120.56 40.81
-120.56 40.77
-120.56 40.73
-120.56 40.69
-120.56 40.65
-120.56 40.60
-120.56 40.56
-120.56 40.52
-120.56 40.48
-120.56 40.44
-120.56 40.40
-120.56 40.35
-120.56 40.31
-120.56 40.27
-120.56 40.23
-120.56 40.19
-120.56 40.15
-120.56 40.10
-120.56 40.06
-120.56 40.02
-120.56 39.98
-120.56 39.94
-120.56 39.90
-120.56 39.85
-120.56 39.81
-120.56 39.77
-120.56 39.73
-120.56 39.69
-120.56 39.65
-120.56 39.60
-120.56 39.56
-120.56 39.52
-120.56 39.48
-120.56 39.44
-120.56 39.40
-120.56 39.35
-120.56 39.31
-120.56 39.27
-120.56 39.23
-120.56 39.19
-120.56 39.15
-120.56 39.10
-120.56 39.06
-120.56 39.02
-120.56 38.98
-120.56 38.94
-120.56 38.90
-120.56 38.85
-120.56 38.81
-120.56 38.77
-120.56 38.73
-120.56 38.69
-120.56 38.65
-120.56 38.60
-120.56 38.56
-120.56 38.52
-120.56 38.48
-120.56 38.44
-120.56 38.40
-120.56 38.35
-120.56 38.31
-120.56 38.27
-120.56 38.23
-120.56 38.19
-120.56 38.15
-120.56 38.10
-120.56 38.06
-120.56 38.02
-120.56 37.98
-120.56 37.94
-120.56 37.90
-120.56 37.85
-120.56 37.81
-120.56 37.77
-120.52 41.98
-120.52 41.94
-120.52 41.90
-120.52 41.85
-120.52 41.81
-120.52 41.77
-120.52 41.73
-120.52 41.69
-120.52 41.65
-120.52 41.60
-120.52 41.56
-120.52 41.52
-120.52 41.48
-120.52 41.44
-120.52 41.40
-120.52 41.35
-120.52 41.31
-120.52 41.27
-120.52 41.23
-120.52 41.19
-120.52 41.15
-120.52 41.10
-120.52 41.06
-120.52 41.02
-120.52 40.98
-120.52 40.94
-120.52 40.90
-120.52 40.85
-120.52 40.81
-120.52 40.77
-120.52 40.73
-120.52 40.69
-120.52 40.65
-120.52 40.60
-120.52 40.56
-120.52 40.52
-120.52 40.48
-120.52 40.44
-120.52 40.40
-120.52 40.35
-120.52 40.31
-120.52 40.27
-120.52 40.23
-120.52 40.19
-120.52 40.15
-120.52 40.10
-120.52 40.06
-120.52 40.02
-120.52 39.98
-120.52 39.94
-120.52 39.90
-120.52 39.85
-120.52 39.81
-120.52 39.77
-120.52 39.73
-120.52 39.69
-120.52 39.65
-120.52 39.60
-120.52 39.56
-120.52 39.52
-120.52 39.48
-120.52 39.44
-120.52 39.40
-120.52 39.35
-120.52 39.31
-120.52 39.27
-120.52 39.23
-120.52 39.19
-120.52 39.15
-120.52 39.10
-120.52 39.06
-120.52 39.02
-120.52 38.98
-120.52 38.94
-120.52 38.90
-120.52 38.85
-120.52 38.81
-120.52 38.77
-120.52 38.73
-120.52 38.69
-120.52 38.65
-120.52 38.60
-120.52 38.56
-120.52 38.52
-120.52 38.48
-120.52 38.44
-120.52 38.40
-120.52 38.35
-120.52 38.31
-120.52 38.27
-120.52 38.23
-120.52 38.19
-120.52 38.15
-120.52 38.10
-120.52 38.06
-120.52 38.02
-120.52 37.98
-120.52 37.94
-120.52 37.90
-120.52 37.85
-120.52 37.81
-120.52 37.77
-120.48 41.98
-120.48 41.94
-120.48 41.90
-120.48 41.85
-120.48 41.81
-120.48 41.77
-120.48 41.73
-120.48 41.69
-120.48 41.65
-120.48 41.60
-120.48 41.56
-120.48 41.52
-120.48 41.48
-120.48 41.44
-120.48 41.40
-120.48 41.35
-120.48 41.31
-120.48 41.27
-120.48 41.23
-120.48 41.19
-120.48 41.15
-120.48 41.10
-120.48 41.06
-120.48 41.02
-120.48 40.98
-120.48 40.94
-120.48 40.90
-120.48 40.85
-120.48 40.81
-120.48 40.77
-120.48 40.73
-120.48 40.69
-120.48 40.65
-120.48 40.60
-120.48 40.56
-120.48 40.52
-120.48 40.48
-120.48 40.44
-120.48 40.40
-120.48 40.35
-120.48 40.31
-120.48 40.27
-120.48 40.23
-120.48 40.19
-120.48 40.15
-120.48 40.10
-120.48 40.06
-120.48 40.02
-120.48 39.98
-120.48 39.94
-120.48 39.90
-120.48 39.85
-120.48 39.81
-120.48 39.77
-120.48 39.73
-120.48 39.69
-120.48 39.65
-120.48 39.60
-120.48 39.56
-120.48 39.52
-120.48 39.48
-120.48 39.44
-120.48 39.40
-120.48 39.35
-120.48 39.31
-120.48 39.27
-120.48 39.23
-120.48 39.19
-120.48 39.15
-120.48 39.10
-120.48 39.06
-120.48 39.02
-120.48 38.98
-120.48 38.94
-120.48 38.90
-120.48 38.85
-120.48 38.81
-120.48 38.77
-120.48 38.73
-120.48 38.69
-120.48 38.65
-120.48 38.60
-120.48 38.56
-120.48 38.52
-120.48 38.48
-120.48 38.44
-120.48 38.40
-120.48 38.35
-120.48 38.31
-120.48 38.27
-120.48 38.23
-120.48 38.19
-120.48 38.15
-120.48 38.10
-120.48 38.06
-120.48 38.02
-120.48 37.98
-120.48 37.94
-120.48 37.90
-120.48 37.85
-120.48 37.81
-120.48 37.77
-120.48 37.73
-120.44 41.98
-120.44 41.94
-120.44 41.90
-120.44 41.85
-120.44 41.81
-120.44 41.77
-120.44 41.73
-120.44 41.69
-120.44 41.65
-120.44 41.60
-120.44 41.56
-120.44 41.52
-120.44 41.48
-120.44 41.44
-120.44 41.40
-120.44 41.35
-120.44 41.31
-120.44 41.27
-120.44 41.23
-120.44 41.19
-120.44 41.15
-120.44 41.10
-120.44 41.06
-120.44 41.02
-120.44 40.98
-120.44 40.94
-120.44 40.90
-120.44 40.85
-120.44 40.81
-120.44 40.77
-120.44 40.73
-120.44 40.69
-120.44 40.65
-120.44 40.60
-120.44 40.56
-120.44 40.52
-120.44 40.48
-120.44 40.44
-120.44 40.40
-120.44 40.35
-120.44 40.31
-120.44 40.27
-120.44 40.23
-120.44 40.19
-120.44 40.15
-120.44 40.10
-120.44 40.06
-120.44 40.02
-120.44 39.98
-120.44 39.94
-120.44 39.90
-120.44 39.85
-120.44 39.81
-120.44 39.77
-120.44 39.73
-120.44 39.69
-120.44 39.65
-120.44 39.60
-120.44 39.56
-120.44 39.52
-120.44 39.48
-120.44 39.44
-120.44 39.40
-120.44 39.35
-120.44 39.31
-120.44 39.27
-120.44 39.23
-120.44 39.19
-120.44 39.15
-120.44 39.10
-120.44 39.06
-120.44 39.02
-120.44 38.98
-120.44 38.94
-120.44 38.90
-120.44 38.85
-120.44 38.81
-120.44 38.77
-120.44 38.73
-120.44 38.69
-120.44 38.65
-120.44 38.60
-120.44 38.56
-120.44 38.52
-120.44 38.48
-120.44 38.44
-120.44 38.40
-120.44 38.35
-120.44 38.31
-120.44 38.27
-120.44 38.23
-120.44 38.19
-120.44 38.15
-120.44 38.10
-120.44 38.06
-120.44 38.02
-120.44 37.98
-120.44 37.94
-120.44 37.90
-120.44 37.85
-120.44 37.81
-120.44 37.77
-120.44 37.73
-120.44 37.69
-120.44 37.65
-120.40 41.98
-120.40 41.94
-120.40 41.90
-120.40 41.85
-120.40 41.81
-120.40 41.77
-120.40 41.73
-120.40 41.69
-120.40 41.65
-120.40 41.60
-120.40 41.56
-120.40 41.52
-120.40 41.48
-120.40 41.44
-120.40 41.40
-120.40 41.35
-120.40 41.31
-120.40 41.27
-120.40 41.23
-120.40 41.19
-120.40 41.15
-120.40 41.10
-120.40 41.06
-120.40 41.02
-120.40 40.98
-120.40 40.94
-120.40 40.90
-120.40 40.85
-120.40 40.81
-120.40 40.77
-120.40 40.73
-120.40 40.69
-120.40 40.65
-120.40 40.60
-120.40 40.56
-120.40 40.52
-120.40 40.48
-120.40 40.44
-120.40 40.40
-120.40 40.35
-120.40 40.31
-120.40 40.27
-120.40 40.23
-120.40 40.19
-120.40 40.15
-120.40 40.10
-120.40 40.06
-120.40 40.02
-120.40 39.98
-120.40 39.94
-120.40 39.90
-120.40 39.85
-120.40 39.81
-120.40 39.77
-120.40 39.73
-120.40 39.69
-120.40 39.65
-120.40 39.60
-120.40 39.56
-120.40 39.52
-120.40 39.48
-120.40 39.44
-120.40 39.40
-120.40 39.35
-120.40 39.31
-120.40 39.27
-120.40 39.23
-120.40 39.19
-120.40 39.15
-120.40 39.10
-120.40 39.06
-120.40 39.02
-120.40 38.98
-120.40 38.94
-120.40 38.90
-120.40 38.85
-120.40 38.81
-120.40 38.77
-120.40 38.73
-120.40 38.69
-120.40 38.65
-120.40 38.60
-120.40 38.56
-120.40 38.52
-120.40 38.48
-120.40 38.44
-120.40 38.40
-120.40 38.35
-120.40 38.31
-120.40 38.27
-120.40 38.23
-120.40 38.19
-120.40 38.15
-120.40 38.10
-120.40 38.06
-120.40 38.02
-120.40 37.98
-120.40 37.94
-120.40 37.90
-120.40 37.85
-120.40 37.81
-120.40 37.77
-120.40 37.73
-120.40 37.69
-120.40 37.65
-120.36 41.98
-120.36 41.94
-120.36 41.90
-120.36 41.85
-120.36 41.81
-120.36 41.77
-120.36 41.73
-120.36 41.69
-120.36 41.65
-120.36 41.60
-120.36 41.56
-120.36 41.52
-120.36 41.48
-120.36 41.44
-120.36 41.40
-120.36 41.35
-120.36 41.31
-120.36 41.27
-120.36 41.23
-120.36 41.19
-120.36 41.15
-120.36 41.10
-120.36 41.06
-120.36 41.02
-120.36 40.98
-120.36 40.94
-120.36 40.90
-120.36 40.85
-120.36 40.81
-120.36 40.77
-120.36 40.73
-120.36 40.69
-120.36 40.65
-120.36 40.60
-120.36 40.56
-120.36 40.52
-120.36 40.48
-120.36 40.44
-120.36 40.40
-120.36 40.35
-120.36 40.31
-120.36 40.27
-120.36 40.23
-120.36 40.19
-120.36 40.15
-120.36 40.10
-120.36 40.06
-120.36 40.02
-120.36 39.98
-120.36 39.94
-120.36 39.90
-120.36 39.85
-120.36 39.81
-120.36 39.77
-120.36 39.73
-120.36 39.69
-120.36 39.65
-120.36 39.60
-120.36 39.56
-120.36 39.52
-120.36 39.48
-120.36 39.44
-120.36 39.40
-120.36 39.35
-120.36 39.31
-120.36 39.27
-120.36 39.23
-120.36 39.19
-120.36 39.15
-120.36 39.10
-120.36 39.06
-120.36 39.02
-120.36 38.98
-120.36 38.94
-120.36 38.90
-120.36 38.85
-120.36 38.81
-120.36 38.77
-120.36 38.73
-120.36 38.69
-120.36 38.65
-120.36 38.60
-120.36 38.56
-120.36 38.52
-120.36 38.48
-120.36 38.44
-120.36 38.40
-120.36 38.35
-120.36 38.31
-120.36 38.27
-120.36 38.23
-120.36 38.19
-120.36 38.15
-120.36 38.10
-120.36 38.06
-120.36 38.02
-120.36 37.98
-120.36 37.94
-120.36 37.90
-120.36 37.85
-120.36 37.81
-120.36 37.77
-120.36 37.73
-120.36 37.69
-120.36 37.65
-120.36 37.60
-120.31 41.98
-120.31 41.94
-120.31 41.90
-120.31 41.85
-120.31 41.81
-120.31 41.77
-120.31 41.73
-120.31 41.69
-120.31 41.65
-120.31 41.60
-120.31 41.56
-120.31 41.52
-120.31 41.48
-120.31 41.44
-120.31 41.40
-120.31 41.35
-120.31 41.31
-120.31 41.27
-120.31 41.23
-120.31 41.19
-120.31 41.15
-120.31 41.10
-120.31 41.06
-120.31 41.02
-120.31 40.98
-120.31 40.94
-120.31 40.90
-120.31 40.85
-120.31 40.81
-120.31 40.77
-120.31 40.73
-120.31 40.69
-120.31 40.65
-120.31 40.60
-120.31 40.56
-120.31 40.52
-120.31 40.48
-120.31 40.44
-120.31 40.40
-120.31 40.35
-120.31 40.31
-120.31 40.27
-120.31 40.23
-120.31 40.19
-120.31 40.15
-120.31 40.10
-120.31 40.06
-120.31 40.02
-120.31 39.98
-120.31 39.94
-120.31 39.90
-120.31 39.85
-120.31 39.81
-120.31 39.77
-120.31 39.73
-120.31 39.69
-120.31 39.65
-120.31 39.60
-120.31 39.56
-120.31 39.52
-120.31 39.48
-120.31 39.44
-120.31 39.40
-120.31 39.35
-120.31 39.31
-120.31 39.27
-120.31 39.23
-120.31 39.19
-120.31 39.15
-120.31 39.10
-120.31 39.06
-120.31 39.02
-120.31 38.98
-120.31 38.94
-120.31 38.90
-120.31 38.85
-120.31 38.81
-120.31 38.77
-120.31 38.73
-120.31 38.69
-120.31 38.65
-120.31 38.60
-120.31 38.56
-120.31 38.52
-120.31 38.48
-120.31 38.44
-120.31 38.40
-120.31 38.35
-120.31 38.31
-120.31 38.27
-120.31 38.23
-120.31 38.19
-120.31 38.15
-120.31 38.10
-120.31 38.06
-120.31 38.02
-120.31 37.98
-120.31 37.94
-120.31 37.90
-120.31 37.85
-120.31 37.81
-120.31 37.77
-120.31 37.73
-120.31 37.69
-120.31 37.65
-120.31 37.60
-120.31 37.56
-120.31 37.52
-120.27 41.98
-120.27 41.94
-120.27 41.90
-120.27 41.85
-120.27 41.81
-120.27 41.77
-120.27 41.73
-120.27 41.69
-120.27 41.65
-120.27 41.60
-120.27 41.56
-120.27 41.52
-120.27 41.48
-120.27 41.44
-120.27 41.40
-120.27 41.35
-120.27 41.31
-120.27 41.27
-120.27 41.23
-120.27 41.19
-120.27 41.15
-120.27 41.10
-120.27 41.06
-120.27 41.02
-120.27 40.98
-120.27 40.94
-120.27 40.90
-120.27 40.85
-120.27 40.81
-120.27 40.77
-120.27 40.73
-120.27 40.69
-120.27 40.65
-120.27 40.60
-120.27 40.56
-120.27 40.52
-120.27 40.48
-120.27 40.44
-120.27 40.40
-120.27 40.35
-120.27 40.31
-120.27 40.27
-120.27 40.23
-120.27 40.19
-120.27 40.15
-120.27 40.10
-120.27 40.06
-120.27 40.02
-120.27 39.98
-120.27 39.94
-120.27 39.90
-120.27 39.85
-120.27 39.81
-120.27 39.77
-120.27 39.73
-120.27 39.69
-120.27 39.65
-120.27 39.60
-120.27 39.56
-120.27 39.52
-120.27 39.48
-120.27 39.44
-120.27 39.40
-120.27 39.35
-120.27 39.31
-120.27 39.27
-120.27 39.23
-120.27 39.19
-120.27 39.15
-120.27 39.10
-120.27 39.06
-120.27 39.02
-120.27 38.98
-120.27 38.94
-120.27 38.90
-120.27 38.85
-120.27 38.81
-120.27 38.77
-120.27 38.73
-120.27 38.69
-120.27 38.65
-120.27 38.60
-120.27 38.56
-120.27 38.52
-120.27 38.48
-120.27 38.44
-120.27 38.40
-120.27 38.35
-120.27 38.31
-120.27 38.27
-120.27 38.23
-120.27 38.19
-120.27 38.15
-120.27 38.10
-120.27 38.06
-120.27 38.02
-120.27 37.98
-120.27 37.94
-120.27 37.90
-120.27 37.85
-120.27 37.81
-120.27 37.77
-120.27 37.73
-120.27 37.69
-120.27 37.65
-120.27 37.60
-120.27 37.56
-120.27 37.52
-120.23 41.98
-120.23 41.94
-120.23 41.90
-120.23 41.85
-120.23 41.81
-120.23 41.77
-120.23 41.73
-120.23 41.69
-120.23 41.65
-120.23 41.60
-120.23 41.56
-120.23 41.52
-120.23 41.48
-120.23 41.44
-120.23 41.40
-120.23 41.35
-120.23 41.31
-120.23 41.27
-120.23 41.23
-120.23 41.19
-120.23 41.15
-120.23 41.10
-120.23 41.06
-120.23 41.02
-120.23 40.98
-120.23 40.94
-120.23 40.90
-120.23 40.85
-120.23 40.81
-120.23 40.77
-120.23 40.73
-120.23 40.69
-120.23 40.65
-120.23 40.60
-120.23 40.56
-120.23 40.52
-120.23 40.48
-120.23 40.44
-120.23 40.40
-120.23 40.35
-120.23 40.31
-120.23 40.27
-120.23 40.23
-120.23 40.19
-120.23 40.15
-120.23 40.10
-120.23 40.06
-120.23 40.02
-120.23 39.98
-120.23 39.94
-120.23 39.90
-120.23 39.85
-120.23 39.81
-120.23 39.77
-120.23 39.73
-120.23 39.69
-120.23 39.65
-120.23 39.60
-120.23 39.56
-120.23 39.52
-120.23 39.48
-120.23 39.44
-120.23 39.40
-120.23 39.35
-120.23 39.31
-120.23 39.27
-120.23 39.23
-120.23 39.19
-120.23 39.06
-120.23 39.02
-120.23 38.98
-120.23 38.94
-120.23 38.90
-120.23 38.85
-120.23 38.81
-120.23 38.77
-120.23 38.73
-120.23 38.69
-120.23 38.65
-120.23 38.60
-120.23 38.56
-120.23 38.52
-120.23 38.48
-120.23 38.44
-120.23 38.40
-120.23 38.35
-120.23 38.31
-120.23 38.27
-120.23 38.23
-120.23 38.19
-120.23 38.15
-120.23 38.10
-120.23 38.06
-120.23 38.02
-120.23 37.98
-120.23 37.94
-120.23 37.90
-120.23 37.85
-120.23 37.81
-120.23 37.77
-120.23 37.73
-120.23 37.69
-120.23 37.65
-120.23 37.60
-120.23 37.56
-120.23 37.52
-120.23 37.48
-120.19 41.98
-120.19 41.94
-120.19 41.90
-120.19 41.85
-120.19 41.81
-120.19 41.77
-120.19 41.73
-120.19 41.69
-120.19 41.65
-120.19 41.60
-120.19 41.56
-120.19 41.52
-120.19 41.48
-120.19 41.44
-120.19 41.40
-120.19 41.35
-120.19 41.31
-120.19 41.27
-120.19 41.23
-120.19 41.19
-120.19 41.15
-120.19 41.10
-120.19 41.06
-120.19 41.02
-120.19 40.98
-120.19 40.94
-120.19 40.90
-120.19 40.85
-120.19 40.81
-120.19 40.77
-120.19 40.73
-120.19 40.69
-120.19 40.65
-120.19 40.60
-120.19 40.56
-120.19 40.52
-120.19 40.48
-120.19 40.44
-120.19 40.40
-120.19 40.35
-120.19 40.31
-120.19 40.27
-120.19 40.23
-120.19 40.19
-120.19 40.15
-120.19 40.10
-120.19 40.06
-120.19 40.02
-120.19 39.98
-120.19 39.94
-120.19 39.90
-120.19 39.85
-120.19 39.81
-120.19 39.77
-120.19 39.73
-120.19 39.69
-120.19 39.65
-120.19 39.60
-120.19 39.56
-120.19 39.52
-120.19 39.48
-120.19 39.44
-120.19 39.40
-120.19 39.35
-120.19 39.31
-120.19 39.27
-120.19 39.23
-120.19 39.19
-120.19 38.98
-120.19 38.94
-120.19 38.90
-120.19 38.85
-120.19 38.81
-120.19 38.77
-120.19 38.73
-120.19 38.69
-120.19 38.65
-120.19 38.60
-120.19 38.56
-120.19 38.52
-120.19 38.48
-120.19 38.44
-120.19 38.40
-120.19 38.35
-120.19 38.31
-120.19 38.27
-120.19 38.23
-120.19 38.19
-120.19 38.15
-120.19 38.10
-120.19 38.06
-120.19 38.02
-120.19 37.98
-120.19 37.94
-120.19 37.90
-120.19 37.85
-120.19 37.81
-120.19 37.77
-120.19 37.73
-120.19 37.69
-120.19 37.65
-120.19 37.60
-120.19 37.56
-120.19 37.52
-120.19 37.48
-120.19 37.44
-120.19 37.40
-120.15 41.98
-120.15 41.94
-120.15 41.90
-120.15 41.85
-120.15 41.81
-120.15 41.77
-120.15 41.73
-120.15 41.69
-120.15 41.65
-120.15 41.60
-120.15 41.56
-120.15 41.52
-120.15 41.48
-120.15 41.44
-120.15 41.40
-120.15 41.35
-120.15 41.31
-120.15 41.27
-120.15 41.23
-120.15 41.19
-120.15 41.15
-120.15 41.10
-120.15 41.06
-120.15 41.02
-120.15 40.98
-120.15 40.94
-120.15 40.90
-120.15 40.85
-120.15 40.81
-120.15 40.77
-120.15 40.73
-120.15 40.69
-120.15 40.65
-120.15 40.60
-120.15 40.56
-120.15 40.52
-120.15 40.48
-120.15 40.44
-120.15 40.40
-120.15 40.35
-120.15 40.31
-120.15 40.27
-120.15 40.23
-120.15 40.19
-120.15 40.15
-120.15 40.10
-120.15 40.06
-120.15 40.02
-120.15 39.98
-120.15 39.94
-120.15 39.90
-120.15 39.85
-120.15 39.81
-120.15 39.77
-120.15 39.73
-120.15 39.69
-120.15 39.65
-120.15 39.60
-120.15 39.56
-120.15 39.52
-120.15 39.48
-120.15 39.44
-120.15 39.40
-120.15 39.35
-120.15 39.31
-120.15 39.27
-120.15 39.23
-120.15 38.94
-120.15 38.85
-120.15 38.81
-120.15 38.77
-120.15 38.73
-120.15 38.69
-120.15 38.65
-120.15 38.60
-120.15 38.56
-120.15 38.52
-120.15 38.48
-120.15 38.44
-120.15 38.40
-120.15 38.35
-120.15 38.31
-120.15 38.27
-120.15 38.23
-120.15 38.19
-120.15 38.15
-120.15 38.10
-120.15 38.06
-120.15 38.02
-120.15 37.98
-120.15 37.94
-120.15 37.90
-120.15 37.85
-120.15 37.81
-120.15 37.77
-120.15 37.73
-120.15 37.69
-120.15 37.65
-120.15 37.60
-120.15 37.56
-120.15 37.52
-120.15 37.48
-120.15 37.44
-120.15 37.40
-120.15 37.35
-120.11 41.98
-120.11 41.94
-120.11 41.90
-120.11 41.85
-120.11 41.81
-120.11 41.77
-120.11 41.73
-120.11 41.69
-120.11 41.65
-120.11 41.60
-120.11 41.56
-120.11 41.52
-120.11 41.48
-120.11 41.44
-120.11 41.40
-120.11 41.35
-120.11 41.31
-120.11 41.27
-120.11 41.23
-120.11 41.19
-120.11 41.15
-120.11 41.10
-120.11 41.06
-120.11 41.02
-120.11 40.98
-120.11 40.94
-120.11 40.90
-120.11 40.85
-120.11 40.81
-120.11 40.77
-120.11 40.73
-120.11 40.69
-120.11 40.65
-120.11 40.60
-120.11 40.56
-120.11 40.52
-120.11 40.48
-120.11 40.44
-120.11 40.40
-120.11 40.35
-120.11 40.31
-120.11 40.27
-120.11 40.23
-120.11 40.19
-120.11 40.15
-120.11 40.10
-120.11 40.06
-120.11 40.02
-120.11 39.98
-120.11 39.94
-120.11 39.90
-120.11 39.85
-120.11 39.81
-120.11 39.77
-120.11 39.73
-120.11 39.69
-120.11 39.65
-120.11 39.60
-120.11 39.56
-120.11 39.52
-120.11 39.48
-120.11 39.44
-120.11 39.40
-120.11 39.35
-120.11 39.31
-120.11 39.27
-120.11 38.81
-120.11 38.77
-120.11 38.73
-120.11 38.69
-120.11 38.65
-120.11 38.60
-120.11 38.56
-120.11 38.52
-120.11 38.48
-120.11 38.44
-120.11 38.40
-120.11 38.35
-120.11 38.31
-120.11 38.27
-120.11 38.23
-120.11 38.19
-120.11 38.15
-120.11 38.10
-120.11 38.06
-120.11 38.02
-120.11 37.98
-120.11 37.94
-120.11 37.90
-120.11 37.85
-120.11 37.81
-120.11 37.77
-120.11 37.73
-120.11 37.69
-120.11 37.65
-120.11 37.60
-120.11 37.56
-120.11 37.52
-120.11 37.48
-120.11 37.44
-120.11 37.40
-120.11 37.35
-120.06 41.98
-120.06 41.94
-120.06 41.90
-120.06 41.85
-120.06 41.81
-120.06 41.77
-120.06 41.73
-120.06 41.69
-120.06 41.65
-120.06 41.60
-120.06 41.56
-120.06 41.52
-120.06 41.48
-120.06 41.44
-120.06 41.40
-120.06 41.35
-120.06 41.31
-120.06 41.27
-120.06 41.23
-120.06 41.19
-120.06 41.15
-120.06 41.10
-120.06 41.06
-120.06 41.02
-120.06 40.98
-120.06 40.94
-120.06 40.90
-120.06 40.85
-120.06 40.81
-120.06 40.77
-120.06 40.73
-120.06 40.69
-120.06 40.65
-120.06 40.60
-120.06 40.56
-120.06 40.52
-120.06 40.48
-120.06 40.44
-120.06 40.40
-120.06 40.35
-120.06 40.31
-120.06 40.27
-120.06 40.23
-120.06 40.19
-120.06 40.15
-120.06 40.10
-120.06 40.06
-120.06 40.02
-120.06 39.98
-120.06 39.94
-120.06 39.90
-120.06 39.85
-120.06 39.81
-120.06 39.77
-120.06 39.73
-120.06 39.69
-120.06 39.65
-120.06 39.60
-120.06 39.56
-120.06 39.52
-120.06 39.48
-120.06 39.44
-120.06 39.40
-120.06 39.35
-120.06 39.31
-120.06 39.27
-120.06 38.81
-120.06 38.77
-120.06 38.73
-120.06 38.69
-120.06 38.65
-120.06 38.60
-120.06 38.56
-120.06 38.52
-120.06 38.48
-120.06 38.44
-120.06 38.40
-120.06 38.35
-120.06 38.31
-120.06 38.27
-120.06 38.23
-120.06 38.19
-120.06 38.15
-120.06 38.10
-120.06 38.06
-120.06 38.02
-120.06 37.98
-120.06 37.94
-120.06 37.90
-120.06 37.85
-120.06 37.81
-120.06 37.77
-120.06 37.73
-120.06 37.69
-120.06 37.65
-120.06 37.60
-120.06 37.56
-120.06 37.52
-120.06 37.48
-120.06 37.44
-120.06 37.40
-120.06 37.35
-120.06 37.31
-120.02 41.98
-120.02 41.94
-120.02 41.90
-120.02 41.85
-120.02 41.81
-120.02 41.77
-120.02 41.73
-120.02 41.69
-120.02 41.65
-120.02 41.60
-120.02 41.56
-120.02 41.52
-120.02 41.48
-120.02 41.44
-120.02 41.40
-120.02 41.35
-120.02 41.31
-120.02 41.27
-120.02 41.23
-120.02 41.19
-120.02 41.15
-120.02 41.10
-120.02 41.06
-120.02 41.02
-120.02 40.98
-120.02 40.94
-120.02 40.90
-120.02 40.85
-120.02 40.81
-120.02 40.77
-120.02 40.73
-120.02 40.69
-120.02 40.65
-120.02 40.60
-120.02 40.56
-120.02 40.52
-120.02 40.48
-120.02 40.44
-120.02 40.40
-120.02 40.35
-120.02 40.31
-120.02 40.27
-120.02 40.23
-120.02 40.19
-120.02 40.15
-120.02 40.10
-120.02 40.06
-120.02 40.02
-120.02 39.98
-120.02 39.94
-120.02 39.90
-120.02 39.85
-120.02 39.81
-120.02 39.77
-120.02 39.73
-120.02 39.69
-120.02 39.65
-120.02 39.60
-120.02 39.56
-120.02 39.52
-120.02 39.48
-120.02 39.44
-120.02 39.40
-120.02 39.35
-120.02 39.31
-120.02 38.69
-120.02 38.65
-120.02 38.60
-120.02 38.56
-120.02 38.52
-120.02 38.48
-120.02 38.44
-120.02 38.40
-120.02 38.35
-120.02 38.31
-120.02 38.27
-120.02 38.23
-120.02 38.19
-120.02 38.15
-120.02 38.10
-120.02 38.06
-120.02 38.02
-120.02 37.98
-120.02 37.94
-120.02 37.90
-120.02 37.85
-120.02 37.81
-120.02 37.77
-120.02 37.73
-120.02 37.69
-120.02 37.65
-120.02 37.60
-120.02 37.56
-120.02 37.52
-120.02 37.48
-120.02 37.44
-120.02 37.40
-120.02 37.35
-120.02 37.31
-119.98 38.73
-119.98 38.69
-119.98 38.65
-119.98 38.60
-119.98 38.56
-119.98 38.52
-119.98 38.48
-119.98 38.44
-119.98 38.40
-119.98 38.35
-119.98 38.31
-119.98 38.27
-119.98 38.23
-119.98 38.19
-119.98 38.15
-119.98 38.10
-119.98 38.06
-119.98 38.02
-119.98 37.98
-119.98 37.94
-119.98 37.90
-119.98 37.85
-119.98 37.81
-119.98 37.77
-119.98 37.73
-119.98 37.69
-119.98 37.65
-119.98 37.60
-119.98 37.56
-119.98 37.52
-119.98 37.48
-119.98 37.44
-119.98 37.40
-119.98 37.35
-119.98 37.31
-119.98 37.27
-119.94 38.77
-119.94 38.73
-119.94 38.69
-119.94 38.65
-119.94 38.60
-119.94 38.56
-119.94 38.52
-119.94 38.48
-119.94 38.44
-119.94 38.40
-119.94 38.35
-119.94 38.31
-119.94 38.27
-119.94 38.23
-119.94 38.19
-119.94 38.15
-119.94 38.10
-119.94 38.06
-119.94 38.02
-119.94 37.98
-119.94 37.94
-119.94 37.90
-119.94 37.85
-119.94 37.81
-119.94 37.77
-119.94 37.73
-119.94 37.69
-119.94 37.65
-119.94 37.60
-119.94 37.56
-119.94 37.52
-119.94 37.48
-119.94 37.44
-119.94 37.40
-119.94 37.35
-119.94 37.31
-119.94 37.27
-119.94 37.23
-119.94 37.19
-119.90 38.85
-119.90 38.81
-119.90 38.77
-119.90 38.73
-119.90 38.69
-119.90 38.65
-119.90 38.60
-119.90 38.56
-119.90 38.52
-119.90 38.48
-119.90 38.44
-119.90 38.40
-119.90 38.35
-119.90 38.31
-119.90 38.27
-119.90 38.23
-119.90 38.19
-119.90 38.15
-119.90 38.10
-119.90 38.06
-119.90 38.02
-119.90 37.98
-119.90 37.94
-119.90 37.90
-119.90 37.85
-119.90 37.81
-119.90 37.77
-119.90 37.73
-119.90 37.69
-119.90 37.65
-119.90 37.60
-119.90 37.56
-119.90 37.52
-119.90 37.48
-119.90 37.44
-119.90 37.40
-119.90 37.35
-119.90 37.31
-119.90 37.27
-119.90 37.23
-119.90 37.19
-119.90 37.15
-119.90 37.10
-119.86 38.90
-119.86 38.85
-119.86 38.81
-119.86 38.77
-119.86 38.73
-119.86 38.69
-119.86 38.65
-119.86 38.60
-119.86 38.56
-119.86 38.52
-119.86 38.48
-119.86 38.44
-119.86 38.40
-119.86 38.35
-119.86 38.31
-119.86 38.27
-119.86 38.23
-119.86 38.19
-119.86 38.15
-119.86 38.10
-119.86 38.06
-119.86 38.02
-119.86 37.98
-119.86 37.94
-119.86 37.90
-119.86 37.85
-119.86 37.81
-119.86 37.77
-119.86 37.73
-119.86 37.69
-119.86 37.65
-119.86 37.60
-119.86 37.56
-119.86 37.52
-119.86 37.48
-119.86 37.44
-119.86 37.40
-119.86 37.35
-119.86 37.31
-119.86 37.27
-119.86 37.23
-119.86 37.19
-119.86 37.15
-119.86 37.10
-119.81 38.85
-119.81 38.81
-119.81 38.77
-119.81 38.73
-119.81 38.69
-119.81 38.65
-119.81 38.60
-119.81 38.56
-119.81 38.52
-119.81 38.48
-119.81 38.44
-119.81 38.40
-119.81 38.35
-119.81 38.31
-119.81 38.27
-119.81 38.23
-119.81 38.19
-119.81 38.15
-119.81 38.10
-119.81 38.06
-119.81 38.02
-119.81 37.98
-119.81 37.94
-119.81 37.90
-119.81 37.85
-119.81 37.81
-119.81 37.77
-119.81 37.73
-119.81 37.69
-119.81 37.65
-119.81 37.60
-119.81 37.56
-119.81 37.52
-119.81 37.48
-119.81 37.44
-119.81 37.40
-119.81 37.35
-119.81 37.31
-119.81 37.27
-119.81 37.23
-119.81 37.19
-119.81 37.15
-119.81 37.10
-119.81 37.06
-119.77 38.81
-119.77 38.77
-119.77 38.73
-119.77 38.69
-119.77 38.65
-119.77 38.60
-119.77 38.56
-119.77 38.52
-119.77 38.48
-119.77 38.44
-119.77 38.40
-119.77 38.35
-119.77 38.31
-119.77 38.27
-119.77 38.23
-119.77 38.19
-119.77 38.15
-119.77 38.10
-119.77 38.06
-119.77 38.02
-119.77 37.98
-119.77 37.94
-119.77 37.90
-119.77 37.85
-119.77 37.81
-119.77 37.77
-119.77 37.73
-119.77 37.69
-119.77 37.65
-119.77 37.60
-119.77 37.56
-119.77 37.52
-119.77 37.48
-119.77 37.44
-119.77 37.40
-119.77 37.35
-119.77 37.31
-119.77 37.27
-119.77 37.23
-119.77 37.19
-119.77 37.15
-119.77 37.10
-119.77 37.06
-119.73 38.81
-119.73 38.77
-119.73 38.73
-119.73 38.69
-119.73 38.65
-119.73 38.60
-119.73 38.56
-119.73 38.52
-119.73 38.48
-119.73 38.44
-119.73 38.40
-119.73 38.35
-119.73 38.31
-119.73 38.27
-119.73 38.23
-119.73 38.19
-119.73 38.15
-119.73 38.10
-119.73 38.06
-119.73 38.02
-119.73 37.98
-119.73 37.94
-119.73 37.90
-119.73 37.85
-119.73 37.81
-119.73 37.77
-119.73 37.73
-119.73 37.69
-119.73 37.65
-119.73 37.60
-119.73 37.56
-119.73 37.52
-119.73 37.48
-119.73 37.44
-119.73 37.40
-119.73 37.35
-119.73 37.31
-119.73 37.27
-119.73 37.23
-119.73 37.19
-119.73 37.15
-119.73 37.10
-119.73 37.06
-119.69 38.77
-119.69 38.73
-119.69 38.69
-119.69 38.65
-119.69 38.60
-119.69 38.56
-119.69 38.52
-119.69 38.48
-119.69 38.44
-119.69 38.40
-119.69 38.35
-119.69 38.31
-119.69 38.27
-119.69 38.23
-119.69 38.19
-119.69 38.15
-119.69 38.10
-119.69 38.06
-119.69 38.02
-119.69 37.98
-119.69 37.94
-119.69 37.90
-119.69 37.85
-119.69 37.81
-119.69 37.77
-119.69 37.73
-119.69 37.69
-119.69 37.65
-119.69 37.60
-119.69 37.56
-119.69 37.52
-119.69 37.48
-119.69 37.44
-119.69 37.40
-119.69 37.35
-119.69 37.31
-119.69 37.27
-119.69 37.23
-119.69 37.19
-119.69 37.15
-119.69 37.10
-119.69 37.06
-119.69 37.02
-119.69 36.98
-119.69 36.94
-119.69 36.90
-119.65 38.73
-119.65 38.69
-119.65 38.65
-119.65 38.60
-119.65 38.56
-119.65 38.52
-119.65 38.48
-119.65 38.44
-119.65 38.40
-119.65 38.35
-119.65 38.31
-119.65 38.27
-119.65 38.23
-119.65 38.19
-119.65 38.15
-119.65 38.10
-119.65 38.06
-119.65 38.02
-119.65 37.98
-119.65 37.94
-119.65 37.90
-119.65 37.85
-119.65 37.81
-119.65 37.77
-119.65 37.73
-119.65 37.69
-119.65 37.65
-119.65 37.60
-119.65 37.56
-119.65 37.52
-119.65 37.48
-119.65 37.44
-119.65 37.40
-119.65 37.35
-119.65 37.31
-119.65 37.27
-119.65 37.23
-119.65 37.19
-119.65 37.15
-119.65 37.10
-119.65 37.06
-119.65 37.02
-119.65 36.98
-119.65 36.94
-119.65 36.90
-119.61 38.69
-119.61 38.65
-119.61 38.60
-119.61 38.56
-119.61 38.52
-119.61 38.48
-119.61 38.44
-119.61 38.40
-119.61 38.35
-119.61 38.31
-119.61 38.27
-119.61 38.23
-119.61 38.19
-119.61 38.15
-119.61 38.10
-119.61 38.06
-119.61 38.02
-119.61 37.98
-119.61 37.94
-119.61 37.90
-119.61 37.85
-119.61 37.81
-119.61 37.77
-119.61 37.73
-119.61 37.69
-119.61 37.65
-119.61 37.60
-119.61 37.56
-119.61 37.52
-119.61 37.48
-119.61 37.44
-119.61 37.40
-119.61 37.35
-119.61 37.31
-119.61 37.27
-119.61 37.23
-119.61 37.19
-119.61 37.15
-119.61 37.10
-119.61 37.06
-119.61 37.02
-119.61 36.98
-119.61 36.94
-119.61 36.90
-119.56 38.69
-119.56 38.65
-119.56 38.60
-119.56 38.56
-119.56 38.52
-119.56 38.48
-119.56 38.44
-119.56 38.40
-119.56 38.35
-119.56 38.31
-119.56 38.27
-119.56 38.23
-119.56 38.19
-119.56 38.15
-119.56 38.10
-119.56 38.06
-119.56 38.02
-119.56 37.98
-119.56 37.94
-119.56 37.90
-119.56 37.85
-119.56 37.81
-119.56 37.77
-119.56 37.73
-119.56 37.69
-119.56 37.65
-119.56 37.60
-119.56 37.56
-119.56 37.52
-119.56 37.48
-119.56 37.44
-119.56 37.40
-119.56 37.35
-119.56 37.31
-119.56 37.27
-119.56 37.23
-119.56 37.19
-119.56 37.15
-119.56 37.10
-119.56 37.06
-119.56 37.02
-119.56 36.98
-119.56 36.94
-119.56 36.90
-119.52 38.65
-119.52 38.60
-119.52 38.56
-119.52 38.52
-119.52 38.48
-119.52 38.44
-119.52 38.40
-119.52 38.35
-119.52 38.31
-119.52 38.27
-119.52 38.23
-119.52 38.19
-119.52 38.15
-119.52 38.10
-119.52 38.06
-119.52 38.02
-119.52 37.98
-119.52 37.94
-119.52 37.90
-119.52 37.85
-119.52 37.81
-119.52 37.77
-119.52 37.73
-119.52 37.69
-119.52 37.65
-119.52 37.60
-119.52 37.56
-119.52 37.52
-119.52 37.48
-119.52 37.44
-119.52 37.40
-119.52 37.35
-119.52 37.31
-119.52 37.27
-119.52 37.23
-119.52 37.19
-119.52 37.15
-119.52 37.10
-119.52 37.06
-119.52 37.02
-119.52 36.98
-119.52 36.94
-119.52 36.90
-119.48 38.60
-119.48 38.56
-119.48 38.52
-119.48 38.48
-119.48 38.44
-119.48 38.40
-119.48 38.35
-119.48 38.31
-119.48 38.27
-119.48 38.23
-119.48 38.19
-119.48 38.15
-119.48 38.10
-119.48 38.06
-119.48 38.02
-119.48 37.98
-119.48 37.94
-119.48 37.90
-119.48 37.85
-119.48 37.81
-119.48 37.77
-119.48 37.73
-119.48 37.69
-119.48 37.65
-119.48 37.60
-119.48 37.56
-119.48 37.52
-119.48 37.48
-119.48 37.44
-119.48 37.40
-119.48 37.35
-119.48 37.31
-119.48 37.27
-119.48 37.23
-119.48 37.19
-119.48 37.15
-119.48 37.10
-119.48 37.06
-119.48 37.02
-119.48 36.98
-119.48 36.94
-119.48 36.90
-119.48 36.85
-119.48 36.81
-119.44 38.60
-119.44 38.56
-119.44 38.52
-119.44 38.48
-119.44 38.44
-119.44 38.40
-119.44 38.35
-119.44 38.31
-119.44 38.27
-119.44 38.23
-119.44 38.19
-119.44 38.15
-119.44 38.10
-119.44 38.06
-119.44 38.02
-119.44 37.98
-119.44 37.94
-119.44 37.90
-119.44 37.85
-119.44 37.81
-119.44 37.77
-119.44 37.73
-119.44 37.69
-119.44 37.65
-119.44 37.60
-119.44 37.56
-119.44 37.52
-119.44 37.48
-119.44 37.44
-119.44 37.40
-119.44 37.35
-119.44 37.31
-119.44 37.27
-119.44 37.23
-119.44 37.19
-119.44 37.15
-119.44 37.10
-119.44 37.06
-119.44 37.02
-119.44 36.98
-119.44 36.94
-119.44 36.90
-119.44 36.85
-119.44 36.81
-119.44 36.73
-119.40 38.56
-119.40 38.52
-119.40 38.48
-119.40 38.44
-119.40 38.40
-119.40 38.35
-119.40 38.31
-119.40 38.27
-119.40 38.23
-119.40 38.19
-119.40 38.15
-119.40 38.10
-119.40 38.06
-119.40 38.02
-119.40 37.98
-119.40 37.94
-119.40 37.90
-119.40 37.85
-119.40 37.81
-119.40 37.77
-119.40 37.73
-119.40 37.69
-119.40 37.65
-119.40 37.60
-119.40 37.56
-119.40 37.52
-119.40 37.48
-119.40 37.44
-119.40 37.40
-119.40 37.35
-119.40 37.31
-119.40 37.27
-119.40 37.23
-119.40 37.19
-119.40 37.15
-119.40 37.10
-119.40 37.06
-119.40 37.02
-119.40 36.98
-119.40 36.94
-119.40 36.90
-119.40 36.85
-119.40 36.81
-119.40 36.73
-119.36 38.52
-119.36 38.48
-119.36 38.44
-119.36 38.40
-119.36 38.35
-119.36 38.31
-119.36 38.27
-119.36 38.23
-119.36 38.19
-119.36 38.15
-119.36 38.10
-119.36 38.06
-119.36 38.02
-119.36 37.98
-119.36 37.94
-119.36 37.90
-119.36 37.85
-119.36 37.81
-119.36 37.77
-119.36 37.73
-119.36 37.69
-119.36 37.65
-119.36 37.60
-119.36 37.56
-119.36 37.52
-119.36 37.48
-119.36 37.44
-119.36 37.40
-119.36 37.35
-119.36 37.31
-119.36 37.27
-119.36 37.23
-119.36 37.19
-119.36 37.15
-119.36 37.10
-119.36 37.06
-119.36 37.02
-119.36 36.98
-119.36 36.94
-119.36 36.90
-119.36 36.85
-119.36 36.81
-119.36 36.77
-119.36 36.73
-119.31 38.52
-119.31 38.48
-119.31 38.44
-119.31 38.40
-119.31 38.35
-119.31 38.31
-119.31 38.27
-119.31 38.23
-119.31 38.19
-119.31 38.15
-119.31 38.10
-119.31 38.06
-119.31 38.02
-119.31 37.98
-119.31 37.94
-119.31 37.90
-119.31 37.85
-119.31 37.81
-119.31 37.77
-119.31 37.73
-119.31 37.69
-119.31 37.65
-119.31 37.60
-119.31 37.56
-119.31 37.52
-119.31 37.48
-119.31 37.44
-119.31 37.40
-119.31 37.35
-119.31 37.31
-119.31 37.27
-119.31 37.23
-119.31 37.19
-119.31 37.15
-119.31 37.10
-119.31 37.06
-119.31 37.02
-119.31 36.98
-119.31 36.94
-119.31 36.90
-119.31 36.85
-119.31 36.81
-119.31 36.77
-119.31 36.73
-119.27 38.48
-119.27 38.44
-119.27 38.40
-119.27 38.35
-119.27 38.31
-119.27 38.27
-119.27 38.23
-119.27 38.19
-119.27 38.15
-119.27 38.10
-119.27 38.06
-119.27 38.02
-119.27 37.98
-119.27 37.94
-119.27 37.90
-119.27 37.85
-119.27 37.81
-119.27 37.77
-119.27 37.73
-119.27 37.69
-119.27 37.65
-119.27 37.60
-119.27 37.56
-119.27 37.52
-119.27 37.48
-119.27 37.44
-119.27 37.40
-119.27 37.35
-119.27 37.31
-119.27 37.27
-119.27 37.23
-119.27 37.19
-119.27 37.15
-119.27 37.10
-119.27 37.06
-119.27 37.02
-119.27 36.98
-119.27 36.94
-119.27 36.90
-119.27 36.85
-119.27 36.81
-119.27 36.77
-119.27 36.73
-119.27 36.69
-119.27 36.65
-119.27 36.60
-119.23 38.44
-119.23 38.40
-119.23 38.35
-119.23 38.31
-119.23 38.27
-119.23 38.23
-119.23 38.19
-119.23 38.15
-119.23 38.10
-119.23 38.06
-119.23 38.02
-119.23 37.98
-119.23 37.94
-119.23 37.90
-119.23 37.85
-119.23 37.81
-119.23 37.77
-119.23 37.73
-119.23 37.69
-119.23 37.65
-119.23 37.60
-119.23 37.56
-119.23 37.52
-119.23 37.48
-119.23 37.44
-119.23 37.40
-119.23 37.35
-119.23 37.31
-119.23 37.27
-119.23 37.23
-119.23 37.19
-119.23 37.15
-119.23 37.10
-119.23 37.06
-119.23 37.02
-119.23 36.98
-119.23 36.94
-119.23 36.90
-119.23 36.85
-119.23 36.81
-119.23 36.77
-119.23 36.73
-119.23 36.69
-119.23 36.65
-119.23 36.60
-119.23 36.56
-119.23 36.52
-119.19 38.40
-119.19 38.35
-119.19 38.31
-119.19 38.27
-119.19 38.23
-119.19 38.19
-119.19 38.15
-119.19 38.10
-119.19 38.06
-119.19 38.02
-119.19 37.98
-119.19 37.94
-119.19 37.90
-119.19 37.85
-119.19 37.81
-119.19 37.77
-119.19 37.73
-119.19 37.69
-119.19 37.65
-119.19 37.60
-119.19 37.56
-119.19 37.52
-119.19 37.48
-119.19 37.44
-119.19 37.40
-119.19 37.35
-119.19 37.31
-119.19 37.27
-119.19 37.23
-119.19 37.19
-119.19 37.15
-119.19 37.10
-119.19 37.06
-119.19 37.02
-119.19 36.98
-119.19 36.94
-119.19 36.90
-119.19 36.85
-119.19 36.81
-119.19 36.77
-119.19 36.73
-119.19 36.69
-119.19 36.65
-119.19 36.60
-119.19 36.56
-119.19 36.52
-119.15 38.40
-119.15 38.35
-119.15 38.31
-119.15 38.27
-119.15 38.23
-119.15 38.19
-119.15 38.15
-119.15 38.10
-119.15 38.06
-119.15 38.02
-119.15 37.98
-119.15 37.94
-119.15 37.90
-119.15 37.85
-119.15 37.81
-119.15 37.77
-119.15 37.73
-119.15 37.69
-119.15 37.65
-119.15 37.60
-119.15 37.56
-119.15 37.52
-119.15 37.48
-119.15 37.44
-119.15 37.40
-119.15 37.35
-119.15 37.31
-119.15 37.27
-119.15 37.23
-119.15 37.19
-119.15 37.15
-119.15 37.10
-119.15 37.06
-119.15 37.02
-119.15 36.98
-119.15 36.94
-119.15 36.90
-119.15 36.85
-119.15 36.81
-119.15 36.77
-119.15 36.73
-119.15 36.69
-119.15 36.65
-119.15 36.60
-119.15 36.56
-119.15 36.52
-119.15 36.48
-119.11 38.35
-119.11 38.31
-119.11 38.27
-119.11 38.23
-119.11 38.19
-119.11 38.15
-119.11 38.10
-119.11 38.06
-119.11 38.02
-119.11 37.98
-119.11 37.94
-119.11 37.90
-119.11 37.85
-119.11 37.81
-119.11 37.77
-119.11 37.73
-119.11 37.69
-119.11 37.65
-119.11 37.60
-119.11 37.56
-119.11 37.52
-119.11 37.48
-119.11 37.44
-119.11 37.40
-119.11 37.35
-119.11 37.31
-119.11 37.27
-119.11 37.23
-119.11 37.19
-119.11 37.15
-119.11 37.10
-119.11 37.06
-119.11 37.02
-119.11 36.98
-119.11 36.94
-119.11 36.90
-119.11 36.85
-119.11 36.81
-119.11 36.77
-119.11 36.73
-119.11 36.69
-119.11 36.65
-119.11 36.60
-119.11 36.56
-119.11 36.52
-119.06 38.31
-119.06 38.27
-119.06 38.23
-119.06 38.19
-119.06 38.15
-119.06 38.10
-119.06 38.06
-119.06 38.02
-119.06 37.98
-119.06 37.94
-119.06 37.90
-119.06 37.85
-119.06 37.81
-119.06 37.77
-119.06 37.73
-119.06 37.69
-119.06 37.65
-119.06 37.60
-119.06 37.56
-119.06 37.52
-119.06 37.48
-119.06 37.44
-119.06 37.40
-119.06 37.35
-119.06 37.31
-119.06 37.27
-119.06 37.23
-119.06 37.19
-119.06 37.15
-119.06 37.10
-119.06 37.06
-119.06 37.02
-119.06 36.98
-119.06 36.94
-119.06 36.90
-119.06 36.85
-119.06 36.81
-119.06 36.77
-119.06 36.73
-119.06 36.69
-119.06 36.65
-119.06 36.60
-119.06 36.56
-119.06 36.52
-119.06 36.48
-119.06 36.44
-119.06 36.23
-119.02 38.31
-119.02 38.27
-119.02 38.23
-119.02 38.19
-119.02 38.15
-119.02 38.10
-119.02 38.06
-119.02 38.02
-119.02 37.98
-119.02 37.94
-119.02 37.90
-119.02 37.85
-119.02 37.81
-119.02 37.77
-119.02 37.73
-119.02 37.69
-119.02 37.65
-119.02 37.60
-119.02 37.56
-119.02 37.52
-119.02 37.48
-119.02 37.44
-119.02 37.40
-119.02 37.35
-119.02 37.31
-119.02 37.27
-119.02 37.23
-119.02 37.19
-119.02 37.15
-119.02 37.10
-119.02 37.06
-119.02 37.02
-119.02 36.98
-119.02 36.94
-119.02 36.90
-119.02 36.85
-119.02 36.81
-119.02 36.77
-119.02 36.73
-119.02 36.69
-119.02 36.65
-119.02 36.60
-119.02 36.56
-119.02 36.52
-119.02 36.48
-119.02 36.44
-119.02 36.35
-119.02 36.31
-119.02 36.27
-119.02 36.23
-119.02 36.10
-118.98 38.27
-118.98 38.23
-118.98 38.19
-118.98 38.15
-118.98 38.10
-118.98 38.06
-118.98 38.02
-118.98 37.98
-118.98 37.94
-118.98 37.90
-118.98 37.85
-118.98 37.81
-118.98 37.77
-118.98 37.73
-118.98 37.69
-118.98 37.65
-118.98 37.60
-118.98 37.56
-118.98 37.52
-118.98 37.48
-118.98 37.44
-118.98 37.40
-118.98 37.35
-118.98 37.31
-118.98 37.27
-118.98 37.23
-118.98 37.19
-118.98 37.15
-118.98 37.10
-118.98 37.06
-118.98 37.02
-118.98 36.98
-118.98 36.94
-118.98 36.90
-118.98 36.85
-118.98 36.81
-118.98 36.77
-118.98 36.73
-118.98 36.69
-118.98 36.65
-118.98 36.60
-118.98 36.56
-118.98 36.52
-118.98 36.48
-118.98 36.44
-118.98 36.40
-118.98 36.35
-118.98 36.31
-118.98 36.27
-118.98 36.23
-118.98 36.19
-118.98 36.10
-118.94 38.23
-118.94 38.19
-118.94 38.15
-118.94 38.10
-118.94 38.06
-118.94 38.02
-118.94 37.98
-118.94 37.94
-118.94 37.90
-118.94 37.85
-118.94 37.81
-118.94 37.77
-118.94 37.73
-118.94 37.69
-118.94 37.65
-118.94 37.60
-118.94 37.56
-118.94 37.52
-118.94 37.48
-118.94 37.44
-118.94 37.40
-118.94 37.35
-118.94 37.31
-118.94 37.27
-118.94 37.23
-118.94 37.19
-118.94 37.15
-118.94 37.10
-118.94 37.06
-118.94 37.02
-118.94 36.98
-118.94 36.94
-118.94 36.90
-118.94 36.85
-118.94 36.81
-118.94 36.77
-118.94 36.73
-118.94 36.69
-118.94 36.65
-118.94 36.60
-118.94 36.56
-118.94 36.52
-118.94 36.48
-118.94 36.44
-118.94 36.40
-118.94 36.35
-118.94 36.31
-118.94 36.27
-118.94 36.23
-118.94 36.19
-118.94 36.10
-118.94 36.06
-118.94 35.60
-118.90 38.23
-118.90 38.19
-118.90 38.15
-118.90 38.10
-118.90 38.06
-118.90 38.02
-118.90 37.98
-118.90 37.94
-118.90 37.90
-118.90 37.85
-118.90 37.81
-118.90 37.77
-118.90 37.73
-118.90 37.69
-118.90 37.65
-118.90 37.60
-118.90 37.56
-118.90 37.52
-118.90 37.48
-118.90 37.44
-118.90 37.40
-118.90 37.35
-118.90 37.31
-118.90 37.27
-118.90 37.23
-118.90 37.19
-118.90 37.15
-118.90 37.10
-118.90 37.06
-118.90 37.02
-118.90 36.98
-118.90 36.94
-118.90 36.90
-118.90 36.85
-118.90 36.81
-118.90 36.77
-118.90 36.73
-118.90 36.69
-118.90 36.65
-118.90 36.60
-118.90 36.56
-118.90 36.52
-118.90 36.48
-118.90 36.44
-118.90 36.40
-118.90 36.35
-118.90 36.31
-118.90 36.27
-118.90 36.23
-118.90 36.19
-118.90 36.15
-118.90 36.10
-118.90 36.06
-118.90 35.98
-118.90 35.69
-118.90 35.65
-118.90 35.60
-118.90 35.48
-118.86 38.19
-118.86 38.15
-118.86 38.10
-118.86 38.06
-118.86 38.02
-118.86 37.98
-118.86 37.94
-118.86 37.90
-118.86 37.85
-118.86 37.81
-118.86 37.77
-118.86 37.73
-118.86 37.69
-118.86 37.65
-118.86 37.60
-118.86 37.56
-118.86 37.52
-118.86 37.48
-118.86 37.44
-118.86 37.40
-118.86 37.35
-118.86 37.31
-118.86 37.27
-118.86 37.23
-118.86 37.19
-118.86 37.15
-118.86 37.10
-118.86 37.06
-118.86 37.02
-118.86 36.98
-118.86 36.94
-118.86 36.90
-118.86 36.85
-118.86 36.81
-118.86 36.77
-118.86 36.73
-118.86 36.69
-118.86 36.65
-118.86 36.60
-118.86 36.56
-118.86 36.52
-118.86 36.48
-118.86 36.44
-118.86 36.40
-118.86 36.35
-118.86 36.31
-118.86 36.27
-118.86 36.23
-118.86 36.19
-118.86 36.15
-118.86 36.10
-118.86 36.06
-118.86 36.02
-118.86 35.98
-118.86 35.94
-118.86 35.90
-118.86 35.85
-118.86 35.81
-118.86 35.77
-118.86 35.73
-118.86 35.69
-118.86 35.65
-118.86 35.60
-118.86 35.56
-118.86 35.48
-118.81 38.15
-118.81 38.10
-118.81 38.06
-118.81 38.02
-118.81 37.98
-118.81 37.94
-118.81 37.90
-118.81 37.85
-118.81 37.81
-118.81 37.77
-118.81 37.73
-118.81 37.69
-118.81 37.65
-118.81 37.60
-118.81 37.56
-118.81 37.52
-118.81 37.48
-118.81 37.44
-118.81 37.40
-118.81 37.35
-118.81 37.31
-118.81 37.27
-118.81 37.23
-118.81 37.19
-118.81 37.15
-118.81 37.10
-118.81 37.06
-118.81 37.02
-118.81 36.98
-118.81 36.94
-118.81 36.90
-118.81 36.85
-118.81 36.81
-118.81 36.77
-118.81 36.73
-118.81 36.69
-118.81 36.65
-118.81 36.60
-118.81 36.56
-118.81 36.52
-118.81 36.48
-118.81 36.44
-118.81 36.40
-118.81 36.35
-118.81 36.31
-118.81 36.27
-118.81 36.23
-118.81 36.19
-118.81 36.15
-118.81 36.10
-118.81 36.06
-118.81 36.02
-118.81 35.98
-118.81 35.94
-118.81 35.90
-118.81 35.85
-118.81 35.81
-118.81 35.77
-118.81 35.73
-118.81 35.69
-118.81 35.65
-118.81 35.60
-118.81 35.56
-118.81 35.52
-118.81 35.48
-118.77 38.10
-118.77 38.06
-118.77 38.02
-118.77 37.98
-118.77 37.94
-118.77 37.90
-118.77 37.85
-118.77 37.81
-118.77 37.77
-118.77 37.73
-118.77 37.69
-118.77 37.65
-118.77 37.60
-118.77 37.56
-118.77 37.52
-118.77 37.48
-118.77 37.44
-118.77 37.40
-118.77 37.35
-118.77 37.31
-118.77 37.27
-118.77 37.23
-118.77 37.19
-118.77 37.15
-118.77 37.10
-118.77 37.06
-118.77 37.02
-118.77 36.98
-118.77 36.94
-118.77 36.90
-118.77 36.85
-118.77 36.81
-118.77 36.77
-118.77 36.73
-118.77 36.69
-118.77 36.65
-118.77 36.60
-118.77 36.56
-118.77 36.52
-118.77 36.48
-118.77 36.44
-118.77 36.40
-118.77 36.35
-118.77 36.31
-118.77 36.27
-118.77 36.23
-118.77 36.19
-118.77 36.15
-118.77 36.10
-118.77 36.06
-118.77 36.02
-118.77 35.98
-118.77 35.94
-118.77 35.90
-118.77 35.85
-118.77 35.81
-118.77 35.77
-118.77 35.73
-118.77 35.69
-118.77 35.65
-118.77 35.60
-118.77 35.56
-118.77 35.52
-118.77 35.48
-118.77 35.44
-118.77 35.40
-118.77 35.35
-118.73 38.10
-118.73 38.06
-118.73 38.02
-118.73 37.98
-118.73 37.94
-118.73 37.90
-118.73 37.85
-118.73 37.81
-118.73 37.77
-118.73 37.73
-118.73 37.69
-118.73 37.65
-118.73 37.60
-118.73 37.56
-118.73 37.52
-118.73 37.48
-118.73 37.44
-118.73 37.40
-118.73 37.35
-118.73 37.31
-118.73 37.27
-118.73 37.23
-118.73 37.19
-118.73 37.15
-118.73 37.10
-118.73 37.06
-118.73 37.02
-118.73 36.98
-118.73 36.94
-118.73 36.90
-118.73 36.85
-118.73 36.81
-118.73 36.77
-118.73 36.73
-118.73 36.69
-118.73 36.65
-118.73 36.60
-118.73 36.56
-118.73 36.52
-118.73 36.48
-118.73 36.44
-118.73 36.40
-118.73 36.35
-118.73 36.31
-118.73 36.27
-118.73 36.23
-118.73 36.19
-118.73 36.15
-118.73 36.10
-118.73 36.06
-118.73 36.02
-118.73 35.98
-118.73 35.94
-118.73 35.90
-118.73 35.85
-118.73 35.81
-118.73 35.77
-118.73 35.73
-118.73 35.69
-118.73 35.65
-118.73 35.60
-118.73 35.56
-118.73 35.52
-118.73 35.48
-118.73 35.44
-118.73 35.40
-118.73 35.35
-118.69 38.06
-118.69 38.02
-118.69 37.98
-118.69 37.94
-118.69 37.90
-118.69 37.85
-118.69 37.81
-118.69 37.77
-118.69 37.73
-118.69 37.69
-118.69 37.65
-118.69 37.60
-118.69 37.56
-118.69 37.52
-118.69 37.48
-118.69 37.44
-118.69 37.40
-118.69 37.35
-118.69 37.31
-118.69 37.27
-118.69 37.23
-118.69 37.19
-118.69 37.15
-118.69 37.10
-118.69 37.06
-118.69 37.02
-118.69 36.98
-118.69 36.94
-118.69 36.90
-118.69 36.85
-118.69 36.81
-118.69 36.77
-118.69 36.73
-118.69 36.69
-118.69 36.65
-118.69 36.60
-118.69 36.56
-118.69 36.52
-118.69 36.48
-118.69 36.44
-118.69 36.40
-118.69 36.35
-118.69 36.31
-118.69 36.27
-118.69 36.23
-118.69 36.19
-118.69 36.15
-118.69 36.10
-118.69 36.06
-118.69 36.02
-118.69 35.98
-118.69 35.94
-118.69 35.90
-118.69 35.85
-118.69 35.81
-118.69 35.77
-118.69 35.73
-118.69 35.69
-118.69 35.65
-118.69 35.60
-118.69 35.56
-118.69 35.52
-118.69 35.48
-118.69 35.44
-118.69 35.40
-118.69 35.35
-118.65 38.02
-118.65 37.98
-118.65 37.94
-118.65 37.90
-118.65 37.85
-118.65 37.81
-118.65 37.77
-118.65 37.73
-118.65 37.69
-118.65 37.65
-118.65 37.60
-118.65 37.56
-118.65 37.52
-118.65 37.48
-118.65 37.44
-118.65 37.40
-118.65 37.35
-118.65 37.31
-118.65 37.27
-118.65 37.23
-118.65 37.19
-118.65 37.15
-118.65 37.10
-118.65 37.06
-118.65 37.02
-118.65 36.98
-118.65 36.94
-118.65 36.90
-118.65 36.85
-118.65 36.81
-118.65 36.77
-118.65 36.73
-118.65 36.69
-118.65 36.65
-118.65 36.60
-118.65 36.56
-118.65 36.52
-118.65 36.48
-118.65 36.44
-118.65 36.40
-118.65 36.35
-118.65 36.31
-118.65 36.27
-118.65 36.23
-118.65 36.19
-118.65 36.15
-118.65 36.10
-118.65 36.06
-118.65 36.02
-118.65 35.98
-118.65 35.94
-118.65 35.90
-118.65 35.85
-118.65 35.81
-118.65 35.77
-118.65 35.73
-118.65 35.69
-118.65 35.65
-118.65 35.60
-118.65 35.56
-118.65 35.52
-118.65 35.48
-118.65 35.44
-118.65 35.40
-118.65 35.35
-118.65 35.31
-118.61 38.02
-118.61 37.98
-118.61 37.94
-118.61 37.90
-118.61 37.85
-118.61 37.81
-118.61 37.77
-118.61 37.73
-118.61 37.69
-118.61 37.65
-118.61 37.60
-118.61 37.56
-118.61 37.52
-118.61 37.48
-118.61 37.44
-118.61 37.40
-118.61 37.35
-118.61 37.31
-118.61 37.27
-118.61 37.23
-118.61 37.19
-118.61 37.15
-118.61 37.10
-118.61 37.06
-118.61 37.02
-118.61 36.98
-118.61 36.94
-118.61 36.90
-118.61 36.85
-118.61 36.81
-118.61 36.77
-118.61 36.73
-118.61 36.69
-118.61 36.65
-118.61 36.60
-118.61 36.56
-118.61 36.52
-118.61 36.48
-118.61 36.44
-118.61 36.40
-118.61 36.35
-118.61 36.31
-118.61 36.27
-118.61 36.23
-118.61 36.19
-118.61 36.15
-118.61 36.10
-118.61 36.06
-118.61 36.02
-118.61 35.98
-118.61 35.94
-118.61 35.90
-118.61 35.85
-118.61 35.81
-118.61 35.77
-118.61 35.73
-118.61 35.69
-118.61 35.65
-118.61 35.60
-118.61 35.56
-118.61 35.52
-118.61 35.48
-118.61 35.44
-118.61 35.40
-118.61 35.35
-118.61 35.31
-118.56 37.98
-118.56 37.94
-118.56 37.90
-118.56 37.85
-118.56 37.81
-118.56 37.77
-118.56 37.73
-118.56 37.69
-118.56 37.65
-118.56 37.60
-118.56 37.56
-118.56 37.52
-118.56 37.48
-118.56 37.44
-118.56 37.40
-118.56 37.35
-118.56 37.31
-118.56 37.27
-118.56 37.23
-118.56 37.19
-118.56 37.15
-118.56 37.10
-118.56 37.06
-118.56 37.02
-118.56 36.98
-118.56 36.94
-118.56 36.90
-118.56 36.85
-118.56 36.81
-118.56 36.77
-118.56 36.73
-118.56 36.69
-118.56 36.65
-118.56 36.60
-118.56 36.56
-118.56 36.52
-118.56 36.48
-118.56 36.44
-118.56 36.40
-118.56 36.35
-118.56 36.31
-118.56 36.27
-118.56 36.23
-118.56 36.19
-118.56 36.15
-118.56 36.10
-118.56 36.06
-118.56 36.02
-118.56 35.98
-118.56 35.94
-118.56 35.90
-118.56 35.85
-118.56 35.81
-118.56 35.77
-118.56 35.73
-118.56 35.69
-118.56 35.65
-118.56 35.60
-118.56 35.56
-118.56 35.52
-118.56 35.48
-118.56 35.44
-118.56 35.40
-118.56 35.35
-118.56 35.31
-118.56 35.27
-118.56 35.23
-118.52 37.94
-118.52 37.90
-118.52 37.85
-118.52 37.81
-118.52 37.77
-118.52 37.73
-118.52 37.69
-118.52 37.65
-118.52 37.60
-118.52 37.56
-118.52 37.52
-118.52 37.48
-118.52 37.44
-118.52 37.40
-118.52 37.35
-118.52 37.31
-118.52 37.27
-118.52 37.23
-118.52 37.19
-118.52 37.15
-118.52 37.10
-118.52 37.06
-118.52 37.02
-118.52 36.98
-118.52 36.94
-118.52 36.90
-118.52 36.85
-118.52 36.81
-118.52 36.77
-118.52 36.73
-118.52 36.69
-118.52 36.65
-118.52 36.60
-118.52 36.56
-118.52 36.52
-118.52 36.48
-118.52 36.44
-118.52 36.40
-118.52 36.35
-118.52 36.31
-118.52 36.27
-118.52 36.23
-118.52 36.19
-118.52 36.15
-118.52 36.10
-118.52 36.06
-118.52 36.02
-118.52 35.98
-118.52 35.94
-118.52 35.90
-118.52 35.85
-118.52 35.81
-118.52 35.77
-118.52 35.73
-118.52 35.69
-118.52 35.65
-118.52 35.60
-118.52 35.56
-118.52 35.52
-118.52 35.48
-118.52 35.44
-118.52 35.40
-118.52 35.35
-118.52 35.31
-118.52 35.27
-118.52 35.23
-118.48 37.90
-118.48 37.85
-118.48 37.81
-118.48 37.77
-118.48 37.73
-118.48 37.69
-118.48 37.65
-118.48 37.60
-118.48 37.56
-118.48 37.52
-118.48 37.48
-118.48 37.44
-118.48 37.40
-118.48 37.35
-118.48 37.31
-118.48 37.27
-118.48 37.23
-118.48 37.19
-118.48 37.15
-118.48 37.10
-118.48 37.06
-118.48 37.02
-118.48 36.98
-118.48 36.94
-118.48 36.90
-118.48 36.85
-118.48 36.81
-118.48 36.77
-118.48 36.73
-118.48 36.69
-118.48 36.65
-118.48 36.60
-118.48 36.56
-118.48 36.52
-118.48 36.48
-118.48 36.44
-118.48 36.40
-118.48 36.35
-118.48 36.31
-118.48 36.27
-118.48 36.23
-118.48 36.19
-118.48 36.15
-118.48 36.10
-118.48 36.06
-118.48 36.02
-118.48 35.98
-118.48 35.94
-118.48 35.90
-118.48 35.85
-118.48 35.81
-118.48 35.77
-118.48 35.73
-118.48 35.69
-118.48 35.65
-118.48 35.60
-118.48 35.56
-118.48 35.52
-118.48 35.48
-118.48 35.44
-118.48 35.40
-118.48 35.35
-118.48 35.31
-118.48 35.27
-118.48 35.23
-118.48 35.19
-118.44 37.90
-118.44 37.85
-118.44 37.81
-118.44 37.77
-118.44 37.73
-118.44 37.69
-118.44 37.65
-118.44 37.60
-118.44 37.56
-118.44 37.52
-118.44 37.48
-118.44 37.44
-118.44 37.40
-118.44 37.35
-118.44 37.31
-118.44 37.27
-118.44 37.23
-118.44 37.19
-118.44 37.15
-118.44 37.10
-118.44 37.06
-118.44 37.02
-118.44 36.98
-118.44 36.94
-118.44 36.90
-118.44 36.85
-118.44 36.81
-118.44 36.77
-118.44 36.73
-118.44 36.69
-118.44 36.65
-118.44 36.60
-118.44 36.56
-118.44 36.52
-118.44 36.48
-118.44 36.44
-118.44 36.40
-118.44 36.35
-118.44 36.31
-118.44 36.27
-118.44 36.23
-118.44 36.19
-118.44 36.15
-118.44 36.10
-118.44 36.06
-118.44 36.02
-118.44 35.98
-118.44 35.94
-118.44 35.90
-118.44 35.85
-118.44 35.81
-118.44 35.77
-118.44 35.73
-118.44 35.69
-118.44 35.65
-118.44 35.60
-118.44 35.56
-118.44 35.52
-118.44 35.48
-118.44 35.44
-118.44 35.40
-118.44 35.35
-118.44 35.31
-118.44 35.27
-118.44 35.23
-118.44 35.19
-118.44 35.15
-118.40 37.85
-118.40 37.81
-118.40 37.77
-118.40 37.73
-118.40 37.69
-118.40 37.65
-118.40 37.60
-118.40 37.56
-118.40 37.52
-118.40 37.48
-118.40 37.44
-118.40 37.40
-118.40 37.35
-118.40 37.31
-118.40 37.27
-118.40 37.23
-118.40 37.19
-118.40 37.15
-118.40 37.10
-118.40 37.06
-118.40 37.02
-118.40 36.98
-118.40 36.94
-118.40 36.90
-118.40 36.85
-118.40 36.81
-118.40 36.77
-118.40 36.73
-118.40 36.69
-118.40 36.65
-118.40 36.60
-118.40 36.56
-118.40 36.52
-118.40 36.48
-118.40 36.44
-118.40 36.40
-118.40 36.35
-118.40 36.31
-118.40 36.27
-118.40 36.23
-118.40 36.19
-118.40 36.15
-118.40 36.10
-118.40 36.06
-118.40 36.02
-118.40 35.98
-118.40 35.94
-118.40 35.90
-118.40 35.85
-118.40 35.81
-118.40 35.77
-118.40 35.73
-118.40 35.69
-118.40 35.65
-118.40 35.60
-118.40 35.56
-118.40 35.52
-118.40 35.48
-118.40 35.44
-118.40 35.40
-118.40 35.35
-118.40 35.31
-118.40 35.27
-118.40 35.23
-118.40 35.19
-118.40 35.15
-118.36 37.81
-118.36 37.77
-118.36 37.73
-118.36 37.69
-118.36 37.65
-118.36 37.60
-118.36 37.56
-118.36 37.52
-118.36 37.48
-118.36 37.44
-118.36 37.40
-118.36 37.35
-118.36 37.31
-118.36 37.27
-118.36 37.23
-118.36 37.19
-118.36 37.15
-118.36 37.10
-118.36 37.06
-118.36 37.02
-118.36 36.98
-118.36 36.94
-118.36 36.90
-118.36 36.85
-118.36 36.81
-118.36 36.77
-118.36 36.73
-118.36 36.69
-118.36 36.65
-118.36 36.60
-118.36 36.56
-118.36 36.52
-118.36 36.48
-118.36 36.44
-118.36 36.40
-118.36 36.35
-118.36 36.31
-118.36 36.27
-118.36 36.23
-118.36 36.19
-118.36 36.15
-118.36 36.10
-118.36 36.06
-118.36 36.02
-118.36 35.98
-118.36 35.94
-118.36 35.90
-118.36 35.85
-118.36 35.81
-118.36 35.77
-118.36 35.73
-118.36 35.69
-118.36 35.65
-118.36 35.60
-118.36 35.56
-118.36 35.52
-118.36 35.48
-118.36 35.44
-118.36 35.40
-118.36 35.35
-118.36 35.31
-118.36 35.27
-118.36 35.23
-118.36 35.19
-118.36 35.15
-118.31 37.73
-118.31 37.69
-118.31 37.65
-118.31 37.60
-118.31 37.56
-118.31 37.52
-118.31 37.48
-118.31 37.44
-118.31 37.40
-118.31 37.35
-118.31 37.31
-118.31 37.27
-118.31 37.23
-118.31 37.19
-118.31 37.15
-118.31 37.10
-118.31 37.06
-118.31 37.02
-118.31 36.98
-118.31 36.94
-118.31 36.90
-118.31 36.85
-118.31 36.81
-118.31 36.77
-118.31 36.73
-118.31 36.69
-118.31 36.65
-118.31 36.60
-118.31 36.56
-118.31 36.52
-118.31 36.48
-118.31 36.44
-118.31 36.40
-118.31 36.35
-118.31 36.31
-118.31 36.27
-118.31 36.23
-118.31 36.19
-118.31 36.15
-118.31 36.10
-118.31 36.06
-118.31 36.02
-118.31 35.98
-118.31 35.94
-118.31 35.90
-118.31 35.85
-118.31 35.81
-118.31 35.77
-118.31 35.73
-118.31 35.69
-118.31 35.65
-118.31 35.60
-118.31 35.56
-118.31 35.52
-118.31 35.48
-118.31 35.44
-118.31 35.40
-118.31 35.35
-118.31 35.31
-118.31 35.27
-118.31 35.23
-118.31 35.19
-118.31 35.15
-118.27 37.65
-118.27 37.60
-118.27 37.56
-118.27 37.52
-118.27 37.48
-118.27 37.44
-118.27 37.40
-118.27 37.35
-118.27 37.31
-118.27 37.27
-118.27 37.23
-118.27 37.19
-118.27 37.15
-118.27 37.10
-118.27 37.06
-118.27 37.02
-118.27 36.98
-118.27 36.94
-118.27 36.90
-118.27 36.85
-118.27 36.81
-118.27 36.77
-118.27 36.73
-118.27 36.69
-118.27 36.65
-118.27 36.60
-118.27 36.56
-118.27 36.52
-118.27 36.48
-118.27 36.44
-118.27 36.40
-118.27 36.35
-118.27 36.31
-118.27 36.27
-118.27 36.23
-118.27 36.19
-118.27 36.15
-118.27 36.10
-118.27 36.06
-118.27 36.02
-118.27 35.98
-118.27 35.94
-118.27 35.90
-118.27 35.85
-118.27 35.81
-118.27 35.77
-118.27 35.73
-118.27 35.69
-118.27 35.65
-118.27 35.60
-118.27 35.56
-118.27 35.52
-118.27 35.48
-118.27 35.44
-118.27 35.40
-118.27 35.35
-118.27 35.31
-118.27 35.27
-118.27 35.23
-118.27 35.19
-118.27 35.15
-118.27 35.10
-118.23 37.52
-118.23 37.48
-118.23 37.44
-118.23 37.40
-118.23 37.35
-118.23 37.31
-118.23 37.27
-118.23 37.23
-118.23 37.19
-118.23 37.15
-118.23 37.10
-118.23 37.06
-118.23 37.02
-118.23 36.98
-118.23 36.94
-118.23 36.90
-118.23 36.85
-118.23 36.81
-118.23 36.77
-118.23 36.73
-118.23 36.69
-118.23 36.65
-118.23 36.60
-118.23 36.56
-118.23 36.52
-118.23 36.48
-118.23 36.44
-118.23 36.40
-118.23 36.35
-118.23 36.31
-118.23 36.27
-118.23 36.23
-118.23 36.19
-118.23 36.15
-118.23 36.10
-118.23 36.06
-118.23 36.02
-118.23 35.98
-118.23 35.94
-118.23 35.90
-118.23 35.85
-118.23 35.81
-118.23 35.77
-118.23 35.73
-118.23 35.69
-118.23 35.65
-118.23 35.60
-118.23 35.56
-118.23 35.52
-118.23 35.48
-118.23 35.44
-118.23 35.40
-118.23 35.35
-118.23 35.31
-118.23 35.27
-118.23 35.23
-118.23 35.19
-118.23 35.15
-118.19 37.48
-118.19 37.40
-118.19 37.35
-118.19 37.27
-118.19 37.23
-118.19 37.19
-118.19 37.15
-118.19 37.10
-118.19 37.06
-118.19 37.02
-118.19 36.98
-118.19 36.94
-118.19 36.90
-118.19 36.85
-118.19 36.81
-118.19 36.77
-118.19 36.73
-118.19 36.69
-118.19 36.65
-118.19 36.60
-118.19 36.56
-118.19 36.52
-118.19 36.48
-118.19 36.44
-118.19 36.40
-118.19 36.35
-118.19 36.31
-118.19 36.27
-118.19 36.23
-118.19 36.19
-118.19 36.15
-118.19 36.10
-118.19 36.06
-118.19 36.02
-118.19 35.98
-118.19 35.94
-118.19 35.90
-118.19 35.85
-118.19 35.81
-118.19 35.77
-118.19 35.73
-118.19 35.69
-118.19 35.65
-118.19 35.60
-118.19 35.56
-118.19 35.52
-118.19 35.48
-118.19 35.44
-118.19 35.40
-118.19 35.35
-118.19 35.31
-118.19 35.27
-118.19 35.23
-118.19 35.19
-118.19 35.15
-118.15 37.27
-118.15 37.23
-118.15 37.19
-118.15 37.15
-118.15 37.10
-118.15 37.06
-118.15 37.02
-118.15 36.98
-118.15 36.94
-118.15 36.90
-118.15 36.85
-118.15 36.81
-118.15 36.77
-118.15 36.73
-118.15 36.69
-118.15 36.65
-118.15 36.60
-118.15 36.56
-118.15 36.52
-118.15 36.48
-118.15 36.44
-118.15 36.40
-118.15 36.35
-118.15 36.31
-118.15 36.27
-118.15 36.23
-118.15 36.19
-118.15 36.15
-118.15 36.10
-118.15 36.06
-118.15 36.02
-118.15 35.98
-118.15 35.94
-118.15 35.90
-118.15 35.85
-118.15 35.81
-118.15 35.77
-118.15 35.73
-118.15 35.69
-118.15 35.65
-118.15 35.60
-118.15 35.56
-118.15 35.52
-118.15 35.48
-118.15 35.44
-118.15 35.40
-118.15 35.35
-118.15 35.31
-118.15 35.27
-118.15 35.23
-118.15 35.19
-118.15 35.15
-118.15 35.10
-118.11 37.19
-118.11 37.15
-118.11 37.10
-118.11 36.98
-118.11 36.94
-118.11 36.90
-118.11 36.85
-118.11 36.81
-118.11 36.77
-118.11 36.73
-118.11 36.69
-118.11 36.65
-118.11 36.60
-118.11 36.56
-118.11 36.52
-118.11 36.48
-118.11 36.44
-118.11 36.40
-118.11 36.35
-118.11 36.31
-118.11 36.27
-118.11 36.23
-118.11 36.19
-118.11 36.15
-118.11 36.10
-118.11 36.06
-118.11 36.02
-118.11 35.98
-118.11 35.94
-118.11 35.90
-118.11 35.85
-118.11 35.81
-118.11 35.77
-118.11 35.73
-118.11 35.69
-118.11 35.65
-118.11 35.60
-118.11 35.56
-118.11 35.52
-118.11 35.48
-118.11 35.44
-118.11 35.40
-118.11 35.35
-118.11 35.31
-118.11 35.27
-118.11 35.23
-118.11 35.19
-118.06 37.19
-118.06 37.15
-118.06 37.10
-118.06 36.94
-118.06 36.90
-118.06 36.85
-118.06 36.81
-118.06 36.77
-118.06 36.73
-118.06 36.69
-118.06 36.65
-118.06 36.60
-118.06 36.56
-118.06 36.52
-118.06 36.48
-118.06 36.44
-118.06 36.40
-118.06 36.35
-118.06 36.31
-118.06 36.27
-118.06 36.23
-118.06 36.19
-118.06 36.15
-118.06 36.10
-118.06 36.06
-118.06 36.02
-118.06 35.98
-118.06 35.94
-118.06 35.90
-118.06 35.85
-118.06 35.81
-118.06 35.77
-118.06 35.73
-118.06 35.69
-118.06 35.65
-118.06 35.60
-118.06 35.56
-118.06 35.52
-118.06 35.48
-118.06 35.44
-118.06 35.40
-118.06 35.35
-118.06 35.31
-118.06 35.27
-118.06 35.23
-118.02 36.81
-118.02 36.77
-118.02 36.73
-118.02 36.69
-118.02 36.65
-118.02 36.60
-118.02 36.56
-118.02 36.52
-118.02 36.48
-118.02 36.44
-118.02 36.40
-118.02 36.35
-118.02 36.31
-118.02 36.27
-118.02 36.23
-118.02 36.19
-118.02 36.15
-118.02 36.10
-118.02 36.06
-118.02 36.02
-118.02 35.98
-118.02 35.94
-118.02 35.90
-118.02 35.85
-118.02 35.81
-118.02 35.77
-118.02 35.73
-118.02 35.69
-118.02 35.65
-118.02 35.60
-118.02 35.56
-118.02 35.52
-118.02 35.48
-118.02 35.44
-118.02 35.40
-118.02 35.35
-118.02 35.31
-117.98 36.69
-117.98 36.65
-117.98 36.60
-117.98 36.56
-117.98 36.52
-117.98 36.48
-117.98 36.44
-117.98 36.40
-117.98 36.35
-117.98 36.31
-117.98 36.27
-117.98 36.23
-117.98 36.19
-117.98 36.15
-117.98 36.10
-117.98 36.06
-117.98 36.02
-117.98 35.98
-117.98 35.94
-117.98 35.90
-117.98 35.85
-117.98 35.81
-117.98 35.77
-117.98 35.73
-117.98 35.69
-117.98 35.65
-117.98 35.60
-117.98 35.56
-117.98 35.52
-117.98 35.48
-117.98 35.44
-117.98 35.35
-117.94 36.65
-117.94 36.60
-117.94 36.56
-117.94 36.52
-117.94 36.48
-117.94 36.44
-117.94 36.40
-117.94 36.35
-117.94 36.31
-117.94 36.27
-117.94 36.23
-117.94 36.19
-117.94 36.15
-117.94 36.10
-117.94 36.06
-117.94 36.02
-117.94 35.98
-117.94 35.94
-117.94 35.90
-117.94 35.85
-117.94 35.81
-117.94 35.77
-117.94 35.73
-117.94 35.69
-117.94 35.65
-117.94 35.60
-117.94 35.56
-117.90 36.60
-117.90 36.56
-117.90 36.52
-117.90 36.48
-117.90 36.44
-117.90 36.40
-117.90 36.35
-117.90 36.31
-117.90 36.27
-117.90 36.23
-117.90 36.19
-117.90 36.15
-117.90 36.10
-117.90 36.06
-117.90 36.02
-117.90 35.98
-117.90 35.94
-117.90 35.85
-117.90 35.81
-117.90 35.77
-117.90 35.73
-117.90 35.69
-117.90 35.65
-117.86 36.60
-117.86 36.56
-117.86 36.52
-117.86 36.48
-117.86 36.44
-117.86 36.40
-117.86 36.35
-117.86 36.31
-117.86 36.27
-117.86 36.23
-117.86 36.19
-117.86 36.15
-117.86 36.10
-117.86 36.06
-117.86 36.02
-117.86 35.98
-117.86 35.94
-117.81 36.56
-117.81 36.52
-117.81 36.48
-117.81 36.44
-117.81 36.40
-117.81 36.35
-117.81 36.31
-117.81 36.27
-117.81 36.23
-117.81 36.19
-117.77 36.48
-117.77 36.44
-117.77 36.40
