-121.147 38.730
-121.106 38.855
-121.106 38.813
-121.106 38.771
-121.106 38.730
-121.064 38.855
-121.064 38.813
-121.064 38.771
-121.064 38.730
-121.064 38.688
-121.022 38.938
-121.022 38.896
-121.022 38.855
-121.022 38.813
-121.022 38.771
-121.022 38.730
-121.022 38.688
-120.981 38.980
-120.981 38.938
-120.981 38.896
-120.981 38.855
-120.981 38.813
-120.981 38.771
-120.981 38.730
-120.939 39.105
-120.939 39.063
-120.939 39.021
-120.939 38.980
-120.939 38.938
-120.939 38.896
-120.939 38.855
-120.939 38.813
-120.939 38.771
-120.939 38.730
-120.939 38.688
-120.897 39.146
-120.897 39.105
-120.897 39.063
-120.897 39.021
-120.897 38.980
-120.897 38.938
-120.897 38.896
-120.897 38.855
-120.897 38.813
-120.897 38.771
-120.897 38.730
-120.897 38.688
-120.856 39.146
-120.856 39.105
-120.856 39.063
-120.856 39.021
-120.856 38.980
-120.856 38.938
-120.856 38.896
-120.856 38.855
-120.856 38.813
-120.856 38.771
-120.856 38.730
-120.856 38.688
-120.856 38.646
-120.814 39.188
-120.814 39.146
-120.814 39.105
-120.814 39.063
-120.814 39.021
-120.814 38.980
-120.814 38.938
-120.814 38.896
-120.814 38.855
-120.814 38.813
-120.814 38.771
-120.814 38.730
-120.772 39.230
-120.772 39.188
-120.772 39.146
-120.772 39.105
-120.772 39.063
-120.772 39.021
-120.772 38.980
-120.772 38.938
-120.772 38.896
-120.772 38.855
-120.772 38.813
-120.772 38.771
-120.772 38.730
-120.772 38.688
-120.731 39.230
-120.731 39.188
-120.731 39.146
-120.731 39.105
-120.731 39.063
-120.731 39.021
-120.731 38.980
-120.731 38.938
-120.731 38.896
-120.731 38.855
-120.731 38.813
-120.731 38.771
-120.731 38.730
-120.689 39.271
-120.689 39.230
-120.689 39.188
-120.689 39.146
-120.689 39.105
-120.689 39.063
-120.689 39.021
-120.689 38.980
-120.689 38.938
-120.689 38.896
-120.689 38.855
-120.689 38.813
-120.689 38.771
-120.689 38.730
-120.647 39.271
-120.647 39.230
-120.647 39.188
-120.647 39.146
-120.647 39.105
-120.647 39.063
-120.647 39.021
-120.647 38.980
-120.647 38.938
-120.647 38.896
-120.647 38.855
-120.647 38.813
-120.647 38.771
-120.647 38.730
-120.606 39.313
-120.606 39.271
-120.606 39.230
-120.606 39.188
-120.606 39.146
-120.606 39.105
-120.606 39.063
-120.606 39.021
-120.606 38.980
-120.606 38.938
-120.606 38.896
-120.606 38.855
-120.606 38.813
-120.606 38.771
-120.606 38.730
-120.564 39.271
-120.564 39.230
-120.564 39.188
-120.564 39.146
-120.564 39.105
-120.564 39.063
-120.564 39.021
-120.564 38.980
-120.564 38.938
-120.564 38.896
-120.564 38.855
-120.564 38.813
-120.564 38.771
-120.522 39.271
-120.522 39.230
-120.522 39.188
-120.522 39.146
-120.522 39.105
-120.522 39.063
-120.522 39.021
-120.522 38.980
-120.522 38.938
-120.522 38.896
-120.522 38.855
-120.522 38.813
-120.522 38.771
-120.481 39.271
-120.481 39.230
-120.481 39.188
-120.481 39.146
-120.481 39.105
-120.481 39.063
-120.481 39.021
-120.481 38.980
-120.481 38.938
-120.481 38.896
-120.481 38.855
-120.481 38.813
-120.481 38.771
-120.439 39.271
-120.439 39.230
-120.439 39.188
-120.439 39.146
-120.439 39.105
-120.439 39.063
-120.439 39.021
-120.439 38.980
-120.439 38.938
-120.439 38.896
-120.439 38.855
-120.439 38.813
-120.439 38.771
-120.397 39.313
-120.397 39.271
-120.397 39.230
-120.397 39.188
-120.397 39.146
-120.397 39.105
-120.397 39.063
-120.397 39.021
-120.397 38.980
-120.397 38.938
-120.397 38.896
-120.397 38.855
-120.397 38.813
-120.397 38.771
-120.397 38.730
-120.356 39.271
-120.356 39.230
-120.356 39.188
-120.356 39.146
-120.356 39.105
-120.356 39.063
-120.356 39.021
-120.356 38.980
-120.356 38.938
-120.356 38.896
-120.356 38.855
-120.356 38.813
-120.356 38.771
-120.356 38.730
-120.314 39.271
-120.314 39.230
-120.314 39.188
-120.314 39.146
-120.314 39.105
-120.314 39.063
-120.314 39.021
-120.314 38.980
-120.314 38.938
-120.314 38.896
-120.314 38.855
-120.314 38.813
-120.314 38.771
-120.314 38.730
-120.314 38.688
-120.272 39.230
-120.272 39.146
-120.272 39.105
-120.272 39.063
-120.272 39.021
-120.272 38.980
-120.272 38.938
-120.272 38.896
-120.272 38.855
-120.272 38.813
-120.272 38.771
-120.272 38.730
-120.272 38.688
-120.231 39.063
-120.231 39.021
-120.231 38.980
-120.231 38.938
-120.231 38.896
-120.231 38.855
-120.231 38.813
-120.231 38.771
-120.231 38.730
-120.231 38.688
-120.231 38.646
-120.189 38.980
-120.189 38.938
-120.189 38.896
-120.189 38.855
-120.189 38.813
-120.189 38.771
-120.189 38.730
-120.189 38.688
-120.189 38.646
-120.147 38.855
-120.147 38.813
-120.147 38.771
-120.147 38.730
-120.147 38.688
-120.147 38.646
-120.106 38.813
-120.106 38.771
-120.106 38.730
-120.106 38.688
-120.106 38.646
-120.064 38.813
-120.064 38.771
-120.064 38.730
-120.064 38.688
-120.064 38.646
-120.022 38.688
